"x" "y"
-0.2 0.904126669790108
-0.199 0.903349717404535
-0.198 0.902572674118827
-0.197 0.901795529752944
-0.196 0.901018274820607
-0.195 0.900240900502675
-0.194 0.899463398621426
-0.193 0.898685761615818
-0.192 0.897907982517627
-0.191 0.897130054928509
-0.19 0.896351972997828
-0.189 0.895573731401368
-0.188 0.894795325320773
-0.187 0.894016750423757
-0.186 0.893238002845032
-0.185 0.892459079167914
-0.184 0.891679976406626
-0.183 0.890900691989217
-0.182 0.89012122374111
-0.181 0.88934156986925
-0.18 0.888561728946819
-0.179 0.88778169989848
-0.178 0.887001481986215
-0.177 0.886221074795596
-0.176 0.885440478222615
-0.175 0.884659692460944
-0.174 0.883878717989677
-0.173 0.883097555561488
-0.172 0.882316206191255
-0.171 0.881534671145006
-0.17 0.880752951929413
-0.169 0.879971050281455
-0.168 0.879188968158646
-0.167 0.87840670772949
-0.166 0.877624271364311
-0.165 0.876841661626424
-0.164 0.876058881263588
-0.163 0.875275933199803
-0.162 0.874492820527385
-0.161 0.87370954649929
-0.16 0.872926114521728
-0.159 0.872142528147092
-0.158 0.871358791067085
-0.157 0.870574907106038
-0.156 0.869790880214615
-0.155 0.869006714463605
-0.154 0.868222414037992
-0.153 0.867437983231208
-0.152 0.866653426439681
-0.151 0.865868748157408
-0.15 0.865083952970876
-0.149 0.864299045554107
-0.148 0.863514030663866
-0.147 0.862728913135042
-0.146 0.86194369787623
-0.145 0.861158389865424
-0.144 0.860372994145886
-0.143 0.859587515822193
-0.142 0.858801960056326
-0.141 0.858016332064026
-0.14 0.857230637111234
-0.139 0.856444880510594
-0.138 0.855659067618145
-0.137 0.85487320383016
-0.136 0.854087294580042
-0.135 0.85330134533534
-0.134 0.85251536159489
-0.133 0.851729348886069
-0.132 0.85094331276214
-0.131 0.85015725879965
-0.13 0.849371192596016
-0.129 0.848585119767117
-0.128 0.847799045945007
-0.127 0.847012976775723
-0.126 0.846226917917158
-0.125 0.84544087503698
-0.124 0.84465485381075
-0.123 0.843868859919959
-0.122 0.843082899050209
-0.121 0.84229697688951
-0.12 0.841511099126536
-0.119 0.840725271449016
-0.118 0.83993949954225
-0.117 0.839153789087485
-0.116 0.838368145760552
-0.115 0.837582575230484
-0.114 0.83679708315817
-0.113 0.83601167519507
-0.112 0.835226356981972
-0.111 0.834441134147867
-0.11 0.83365601230876
-0.109 0.832870997066638
-0.108 0.832086094008414
-0.107 0.831301308704882
-0.106 0.830516646709811
-0.105 0.829732113559068
-0.104 0.828947714769632
-0.103 0.828163455838845
-0.102 0.82737934224356
-0.101 0.826595379439434
-0.1 0.825811572860071
-0.099 0.825027927916482
-0.098 0.82424444999629
-0.097 0.823461144463119
-0.096 0.822678016656027
-0.095 0.821895071888913
-0.094 0.8211123154499
-0.093 0.820329752600897
-0.092 0.819547388576986
-0.091 0.818765228586068
-0.09 0.8179832778084
-0.089 0.81720154139597
-0.088 0.81642002447241
-0.087 0.815638732132315
-0.086 0.814857669441122
-0.085 0.814076841434541
-0.084 0.81329625311842
-0.083 0.812515909468266
-0.082 0.81173581542923
-0.081 0.810955975915463
-0.08 0.81017639581017
-0.079 0.809397079965234
-0.078 0.808618033201047
-0.077 0.807839260306327
-0.076 0.807060766037739
-0.075 0.806282555120047
-0.074 0.805504632245679
-0.073 0.804727002074712
-0.072 0.803949669234701
-0.071 0.803172638320495
-0.07 0.802395913894262
-0.069 0.801619500485356
-0.068 0.800843402590081
-0.067 0.800067624671775
-0.066 0.799292171160719
-0.065 0.798517046453962
-0.064 0.797742254915525
-0.063 0.796967800876074
-0.062 0.796193688633059
-0.061 0.79541992245069
-0.06 0.79464650655988
-0.059 0.79387344515828
-0.058 0.793100742410161
-0.057 0.792328402446706
-0.056 0.791556429365695
-0.055 0.790784827231729
-0.054 0.790013600076297
-0.053 0.789242751897596
-0.052 0.788472286660887
-0.051 0.788465063668082
-0.05 0.787691858440337
-0.049 0.786919074180182
-0.048 0.786146714361446
-0.047 0.785374782430478
-0.046 0.784603281806316
-0.045 0.783832215881165
-0.044 0.78306158801945
-0.043 0.782291401558829
-0.042 0.78152165980942
-0.041 0.780752366054271
-0.04 0.779983523549302
-0.039 0.779215135523003
-0.038 0.778447205177166
-0.037 0.777679735685988
-0.036 0.776912730197044
-0.035 0.776146191830706
-0.034 0.775380123680374
-0.033 0.77461452881262
-0.032 0.773849410267088
-0.031 0.773084771056696
-0.03 0.772320614167968
-0.029 0.771556942560071
-0.028 0.770793759166096
-0.027 0.770031066892618
-0.026 0.769268868619488
-0.025 0.76850716720098
-0.024 0.767745965463869
-0.023 0.766985266209945
-0.022 0.766225072214414
-0.021 0.765465386226423
-0.02 0.764706210969248
-0.019 0.763947549140611
-0.018 0.763189403412143
-0.017 0.762431776430502
-0.016 0.761674670815735
-0.015 0.760918089164069
-0.014 0.760162034045364
-0.013 0.759406508004564
-0.012 0.758651513562187
-0.011 0.757897053211028
-0.01 0.757143129424805
-0.009 0.7563897446457
-0.008 0.75563690129539
-0.007 0.754884601771682
-0.006 0.754132848446203
-0.005 0.753381643661372
-0.004 0.75263098974964
-0.003 0.751880889005106
-0.002 0.751131343723911
-0.001 0.75038235609669
0.001 0.748886062810674
0.002 0.74813876164939
0.003 0.747392026856372
0.004 0.746645860696605
0.005 0.745900265233439
0.006 0.745155242584483
0.007 0.744410794808493
0.008 0.743666923949043
0.009 0.742923632023802
0.01 0.742180921036013
0.011 0.741438792962499
0.012 0.74069724975709
0.013 0.7399562933508
0.014 0.739215925656036
0.015 0.738476148563917
0.016 0.737736963938894
0.017 0.736998373630812
0.018 0.736260379461144
0.019 0.735522983237189
0.02 0.734786186739693
0.021 0.734049991731996
0.022 0.733314399954552
0.023 0.73257941312838
0.024 0.731845032953629
0.025 0.731111261110139
0.026 0.730378099257709
0.027 0.729645549035578
0.028 0.728913612063707
0.029 0.728182289941686
0.03 0.72745158424941
0.031 0.72672149654713
0.032 0.725992028376486
0.033 0.725263181259045
0.034 0.724534956697246
0.035 0.723807356174899
0.036 0.723080381156617
0.037 0.722354033088063
0.038 0.721628313396409
0.039 0.720903223490877
0.04 0.720178764761272
0.041 0.719454938580058
0.042 0.71873174630094
0.043 0.718009189259957
0.044 0.717287268774853
0.045 0.716565986146507
0.046 0.715845342657181
0.047 0.715125339572059
0.048 0.714405978139046
0.049 0.713687259588732
0.05 0.712969185134527
0.051 0.712251755972861
0.052 0.711534973283188
0.053 0.710818838228554
0.054 0.710103351954922
0.055 0.709388515592066
0.056 0.708674330253268
0.057 0.707960797035527
0.058 0.707247917019705
0.059 0.706535691270584
0.06 0.705824120837282
0.061 0.705113206752815
0.062 0.704402950034647
0.063 0.703693351684786
0.064 0.702984412689635
0.065 0.702276134020546
0.066 0.701568516633297
0.067 0.700861561468872
0.068 0.70015526945314
0.069 0.699449641497198
0.07 0.698744678497277
0.071 0.69804038133511
0.072 0.69733675087787
0.073 0.696633787978217
0.074 0.695931493474603
0.075 0.695229868191286
0.076 0.694528912938516
0.077 0.693828628512445
0.078 0.693129015695357
0.079 0.692430075255923
0.08 0.691731807949059
0.081 0.691034214516158
0.082 0.690337295685194
0.083 0.689641052170849
0.084 0.688945484674445
0.085 0.688250593884402
0.086 0.68755638047591
0.087 0.686862845111416
0.088 0.686169988440413
0.089 0.685477811099789
0.09 0.684786313713779
0.091 0.684095496894137
0.092 0.683405361240184
0.093 0.682715907338918
0.094 0.682027135765178
0.095 0.681339047081646
0.096 0.680651641839006
0.097 0.67996492057605
0.098 0.679278883819671
0.099 0.678593532085123
0.1 0.677908865875982
0.101 0.677224885684315
0.102 0.676541591990683
0.103 0.675858985264379
0.104 0.675177065963342
0.105 0.674495834534449
0.106 0.673815291413416
0.107 0.673135437025034
0.108 0.67245627178317
0.109 0.671777796090864
0.11 0.671100010340464
0.111 0.670422914913697
0.112 0.669746510181757
0.113 0.669070796505324
0.114 0.668395774234793
0.115 0.667721443710164
0.116 0.667047805261389
0.117 0.666374859208178
0.118 0.665702605860293
0.119 0.665031045517463
0.12 0.664360178469692
0.121 0.663690004997029
0.122 0.663020525370003
0.123 0.662351739849388
0.124 0.66168364868652
0.125 0.661016252123176
0.126 0.66034955039187
0.127 0.659683543715708
0.128 0.659018232308659
0.129 0.658353616375517
0.13 0.657689696112016
0.131 0.65702647170489
0.132 0.656363943331964
0.133 0.655702111162268
0.134 0.655040975356017
0.135 0.65438053606476
0.136 0.653720793431414
0.137 0.653061747590413
0.138 0.652403398667657
0.139 0.651745746780688
0.14 0.651088792038743
0.141 0.650432534542748
0.142 0.649776974385524
0.143 0.649122111651736
0.144 0.648467946418012
0.145 0.647814478753003
0.146 0.647161708717504
0.147 0.64650963636444
0.148 0.645858261738983
0.149 0.645207584878573
0.15 0.644557605813065
0.151 0.643908324564745
0.152 0.643259741148374
0.153 0.642611855571295
0.154 0.641964667833482
0.155 0.641318177927616
0.156 0.640672385839094
0.157 0.640027291546207
0.158 0.639382895020075
0.159 0.638739196224782
0.16 0.638096195117437
0.161 0.637453891648199
0.162 0.636812285760381
0.163 0.636171377390481
0.164 0.63553116646826
0.165 0.63489165291678
0.166 0.634252836652488
0.167 0.633614717585249
0.168 0.632977295618445
0.169 0.632340570648979
0.17 0.631704542567372
0.171 0.631069211257828
0.172 0.630434576598232
0.173 0.629800638460296
0.174 0.629167396709511
0.175 0.62853485120529
0.176 0.627903001800975
0.177 0.627271848343943
0.178 0.626641390675555
0.179 0.626011628631347
0.18 0.625382562040959
0.181 0.624754190728287
0.182 0.624126514511458
0.183 0.62349953320295
0.184 0.622873246609566
0.185 0.622247654532573
0.186 0.621622756767681
0.187 0.620998553105135
0.188 0.620375043329765
0.189 0.619752227220984
0.19 0.619130104552901
0.191 0.618508675094359
0.192 0.617887938608956
0.193 0.617267894855093
0.194 0.616648543586064
0.195 0.616029884550055
0.196 0.615411917490234
0.197 0.61479464214474
0.198 0.614178058246826
0.199 0.613562165524779
0.2 0.612946963702081
0.201 0.612332452497367
0.202 0.611718631624557
0.203 0.611105500792804
0.204 0.61049305970661
0.205 0.609881308065847
0.206 0.609270245565796
0.207 0.608659871897199
0.208 0.608050186746298
0.209 0.607441189794873
0.21 0.606832880720298
0.211 0.606225259195557
0.212 0.605618324889333
0.213 0.605012077465986
0.214 0.60440651658566
0.215 0.603801641904263
0.216 0.603197453073562
0.217 0.602593949741171
0.218 0.601991131550643
0.219 0.601388998141468
0.22 0.600787549149126
0.221 0.600186784205145
0.222 0.599586702937109
0.223 0.598987304968712
0.224 0.598388589919795
0.225 0.597790557406381
0.226 0.597193207040728
0.227 0.596596538431328
0.228 0.596000551182991
0.229 0.595405244896843
0.23 0.594810619170398
0.231 0.594216673597552
0.232 0.593623407768655
0.233 0.593030821270535
0.234 0.59243891368652
0.235 0.591847684596488
0.236 0.591257133576907
0.237 0.590667260200848
0.238 0.590078064038041
0.239 0.589489544654874
0.24 0.5889017016145
0.241 0.588314534476776
0.242 0.587728042798368
0.243 0.587142226132743
0.244 0.586557084030233
0.245 0.585972616038027
0.246 0.58538882170025
0.247 0.584805700557965
0.248 0.584223252149207
0.249 0.583641476009022
0.25 0.583060371669488
0.251 0.582479938659768
0.252 0.5819001765061
0.253 0.581321084731889
0.254 0.580742662857659
0.255 0.580164910401164
0.256 0.579587826877345
0.257 0.579011411798414
0.258 0.578435664673852
0.259 0.577860585010449
0.26 0.577286172312344
0.261 0.57671242608102
0.262 0.576139345815365
0.263 0.575566931011694
0.264 0.574995181163755
0.265 0.574424095762794
0.266 0.573853674297537
0.267 0.573283916254269
0.268 0.572714821116802
0.269 0.572146388366567
0.27 0.571578617482577
0.271 0.571011507941499
0.272 0.570445059217668
0.273 0.569879270783097
0.274 0.569314142107533
0.275 0.56874967265844
0.276 0.568185861901065
0.277 0.567622709298444
0.278 0.567060214311434
0.279 0.566498376398728
0.28 0.565937195016898
0.281 0.56537666962038
0.282 0.564816799661546
0.283 0.564257584590713
0.284 0.563699023856135
0.285 0.563141116904079
0.286 0.562583863178804
0.287 0.562027262122614
0.288 0.56147131317586
0.289 0.560916015776983
0.29 0.560361369362508
0.291 0.559807373367099
0.292 0.559254027223564
0.293 0.558701330362879
0.294 0.558149282214211
0.295 0.557597882204919
0.296 0.55704712976065
0.297 0.556497024305238
0.298 0.555947565260855
0.299 0.555398752047928
0.3 0.554850584085228
0.301 0.554303060789851
0.302 0.553756181577266
0.303 0.55320994586131
0.304 0.552664353054233
0.305 0.552119402566706
0.306 0.551575093807825
0.307 0.551031426185167
0.308 0.550488399104795
0.309 0.549946011971237
0.31 0.549404264187585
0.311 0.548863155155436
0.312 0.548322684274963
0.313 0.547782850944912
0.314 0.547243654562631
0.315 0.546705094524068
0.316 0.546167170223821
0.317 0.545629881055126
0.318 0.545093226409896
0.319 0.544557205678721
0.32 0.544021818250917
0.321 0.543487063514506
0.322 0.542952940856257
0.323 0.5424194496617
0.324 0.541886589315126
0.325 0.54135435919964
0.326 0.540822758697144
0.327 0.540291787188372
0.328 0.539761444052896
0.329 0.539231728669159
0.33 0.538702640414463
0.331 0.538174178665027
0.332 0.53764634279596
0.333 0.5371191321813
0.334 0.536592546194035
0.335 0.53606658420611
0.336 0.535541245588429
0.337 0.535016529710903
0.338 0.534492435942438
0.339 0.533968963650964
0.34 0.533446112203436
0.341 0.532923880965872
0.342 0.532402269303351
0.343 0.531881276580028
0.344 0.531360902159157
0.345 0.530841145403106
0.346 0.530322005673356
0.347 0.529803482330533
0.348 0.529285574734416
0.349 0.528768282243954
0.35 0.528251604217272
0.351 0.527735540011689
0.352 0.527220088983737
0.353 0.526705250489173
0.354 0.526191023882982
0.355 0.525677408519406
0.356 0.525164403751948
0.357 0.524652008933392
0.358 0.524140223415802
0.359 0.52362904655055
0.36 0.52311847768833
0.361 0.522608516179154
0.362 0.522099161372384
0.363 0.521590412616731
0.364 0.521082269260279
0.365 0.520574730650486
0.366 0.520067796134199
0.367 0.519561465057674
0.368 0.519055736766587
0.369 0.518550610606034
0.37 0.518046085920558
0.371 0.51754216205415
0.372 0.517038838350262
0.373 0.516536114151828
0.374 0.516033988801267
0.375 0.515532461640497
0.376 0.515031532010946
0.377 0.514531199253561
0.378 0.514031462708824
0.379 0.513532321716762
0.38 0.513033775616953
0.381 0.512535823748546
0.382 0.512038465450264
0.383 0.511541700060412
0.384 0.511045526916906
0.385 0.510549945357257
0.386 0.510054954718604
0.387 0.509560554337715
0.388 0.509066743550995
0.389 0.508573521694498
0.39 0.508080888103946
0.391 0.507588842114721
0.392 0.507097383061897
0.393 0.50660651028023
0.394 0.506116223104177
0.395 0.505626520867913
0.396 0.505137402905325
0.397 0.504648868550028
0.398 0.504160917135384
0.399 0.503673547994499
0.4 0.503186760460233
0.401 0.502700553865221
0.402 0.502214927541868
0.403 0.50172988082237
0.404 0.501245413038710
0.405 0.500761523522681
0.406 0.50027821160589
0.407 0.499795476619754
0.408 0.499313317895533
0.409 0.498831734764317
0.41 0.498350726557048
0.411 0.497870292604528
0.412 0.49739043223741
0.413 0.496911144786232
0.414 0.496432429581409
0.415 0.495954285953246
0.416 0.495476713231942
0.417 0.494999710747607
0.418 0.494523277830267
0.419 0.494047413809856
0.42 0.493572118016261
0.421 0.493097389779282
0.422 0.492623228428678
0.423 0.492149633294162
0.424 0.491676603705402
0.425 0.491204138992039
0.426 0.490732238483685
0.427 0.490260901509944
0.428 0.489790127400399
0.429 0.489319915484644
0.43 0.488850265092267
0.431 0.488381175552878
0.432 0.487912646196101
0.433 0.487444676351591
0.434 0.48697726534903
0.435 0.486510412518155
0.436 0.486044117188735
0.437 0.485578378690601
0.438 0.485113196353651
0.439 0.484648569507845
0.44 0.484184497483216
0.441 0.483720979609882
0.442 0.483258015218056
0.443 0.482795603638032
0.444 0.482333744200216
0.445 0.481872436235116
0.446 0.481411679073363
0.447 0.480951472045692
0.448 0.480491814482982
0.449 0.480032705716235
0.45 0.479574145076592
0.451 0.479116131895345
0.452 0.478658665503933
0.453 0.478201745233952
0.454 0.477745370417159
0.455 0.477289540385482
0.456 0.476834254471031
0.457 0.476379512006082
0.458 0.475925312323109
0.459 0.475471654754769
0.46 0.475018538633928
0.461 0.474565963293642
0.462 0.474113928067186
0.463 0.473662432288043
0.464 0.473211475289916
0.465 0.472761056406736
0.466 0.472311174972662
0.467 0.471861830322086
0.468 0.471413021789649
0.469 0.470964748710229
0.47 0.470517010418961
0.471 0.470069806251232
0.472 0.469623135542691
0.473 0.469176997629255
0.474 0.468731391847115
0.475 0.468286317532730
0.476 0.467841774022847
0.477 0.467397760654493
0.478 0.466954276764993
0.479 0.466511321691964
0.48 0.466068894773319
0.481 0.465626995347279
0.482 0.465185622752377
0.483 0.464744776327458
0.484 0.464304455411681
0.485 0.463864659344535
0.486 0.463425387465834
0.487 0.462986639115718
0.488 0.462548413634675
0.489 0.462110710363521
0.49 0.461673528643423
0.491 0.4612368678159
0.492 0.460800727222817
0.493 0.460365106206403
0.494 0.459930004109243
0.495 0.459495420274292
0.496 0.459061354044874
0.497 0.458627804764682
0.498 0.458194771777795
0.499 0.457762254428665
0.5 0.457330252062136
0.501 0.456898764023439
0.502 0.456467789658196
0.503 0.45603732831243
0.504 0.455607379332562
0.505 0.455177942065422
0.506 0.454749015858243
0.507 0.454320600058667
0.508 0.453892694014763
0.509 0.453465297075009
0.51 0.453038408588309
0.511 0.452612027903993
0.512 0.45218615437182
0.513 0.451760787341987
0.514 0.451335926165118
0.515 0.450911570192282
0.516 0.450487718774995
0.517 0.450064371265213
0.518 0.449641527015345
0.519 0.449219185378254
0.52 0.448797345707256
0.521 0.44837600735613
0.522 0.447955169679116
0.523 0.447534832030918
0.524 0.447114993766711
0.525 0.446695654242144
0.526 0.446276812813335
0.527 0.445858468836885
0.528 0.445440621669872
0.529 0.445023270669865
0.53 0.44460641519491
0.531 0.444190054603552
0.532 0.443774188254814
0.533 0.443358815508238
0.534 0.442943935723844
0.535 0.442529548262155
0.536 0.442115652484207
0.537 0.441702247751536
0.538 0.441289333426189
0.539 0.44087690887072
0.54 0.440464973448206
0.541 0.440053526522232
0.542 0.439642567456908
0.543 0.439232095616863
0.544 0.438822110367254
0.545 0.438412611073762
0.546 0.438003597102598
0.547 0.437595067820506
0.548 0.437187022594762
0.549 0.43677946079318
0.55 0.436372381784116
0.551 0.435965784936457
0.552 0.435559669619652
0.553 0.435154035203676
0.554 0.434748881059066
0.555 0.434344206556906
0.556 0.433940011068827
0.557 0.433536293967023
0.558 0.43313305462424
0.559 0.432730292413788
0.56 0.432328006709528
0.561 0.431926196885897
0.562 0.431524862317888
0.563 0.431124002381068
0.564 0.430723616451566
0.565 0.430323703906095
0.566 0.429924264121926
0.567 0.429525296476913
0.568 0.429126800349493
0.569 0.428728775118673
0.57 0.428331220164045
0.571 0.42793413486578
0.572 0.427537518604645
0.573 0.427141370761978
0.574 0.426745690719718
0.575 0.426350477860389
0.576 0.425955731567105
0.577 0.425561451223579
0.578 0.425167636214117
0.579 0.424774285923619
0.58 0.424381399737591
0.581 0.423988977042129
0.582 0.423597017223939
0.583 0.423205519670332
0.584 0.422814483769216
0.585 0.422423908909115
0.586 0.422033794479154
0.587 0.421644139869071
0.588 0.421254944469217
0.589 0.420866207670553
0.59 0.420477928864655
0.591 0.420090107443718
0.592 0.419702742800549
0.593 0.419315834328574
0.594 0.418929381421846
0.595 0.418543383475036
0.596 0.418157839883429
0.597 0.417772750042948
0.598 0.417388113350134
0.599 0.417003929202155
0.6 0.416620196996809
0.601 0.416236916132520
0.602 0.415854086008347
0.603 0.415471706023979
0.604 0.415089775579737
0.605 0.414708294076576
0.606 0.41432726091609
0.607 0.413946675500507
0.608 0.413566537232689
0.609 0.413186845516143
0.61 0.412807599755016
0.611 0.412428799354092
0.612 0.412050443718795
0.613 0.411672532255203
0.614 0.411295064370024
0.615 0.410918039470628
0.616 0.410677500250562
0.617 0.410302152233989
0.618 0.409927246261073
0.619 0.409552781753034
0.62 0.409178758131728
0.621 0.408805174819648
0.622 0.408432031239929
0.623 0.408059326816341
0.624 0.407687060973299
0.625 0.407315233135860
0.626 0.406943842729719
0.627 0.406572889181217
0.628 0.406202371917336
0.629 0.405832290365699
0.63 0.405462643954583
0.631 0.405093432112904
0.632 0.404724654270217
0.633 0.404356309856739
0.634 0.40398839830332
0.635 0.403620919041469
0.636 0.403253871503334
0.637 0.402887255121715
0.638 0.402521069330064
0.639 0.402155313562482
0.64 0.401789987253716
0.641 0.401425089839169
0.642 0.401060620754893
0.643 0.400696579437594
0.644 0.400332965324628
0.645 0.399969777854006
0.646 0.39960701646439
0.647 0.399244680595095
0.648 0.398882769686093
0.649 0.398521283178014
0.65 0.398160220512136
0.651 0.397799581130396
0.652 0.397439364475383
0.653 0.397079569990348
0.654 0.396720197119197
0.655 0.39636124530649
0.656 0.396002713997445
0.657 0.395644602637942
0.658 0.395286910674514
0.659 0.394929637554352
0.66 0.394572782725308
0.661 0.394216345635893
0.662 0.393860325735279
0.663 0.393504722473288
0.664 0.393149535300416
0.665 0.392794763667803
0.666 0.392440407027263
0.667 0.392086464831262
0.668 0.391732936532932
0.669 0.39137982158606
0.67 0.391027119445097
0.671 0.390674829565155
0.672 0.390322951402014
0.673 0.3899714844121
0.674 0.389620428052512
0.675 0.389269781781011
0.676 0.388919545056018
0.677 0.388569717336613
0.678 0.388220298082544
0.679 0.387871286754215
0.68 0.387522682812698
0.681 0.387174485719725
0.682 0.38682669493769
0.683 0.386479309929655
0.684 0.386132330159338
0.685 0.385785755091122
0.686 0.385439584190055
0.687 0.385093816921847
0.688 0.384748452752870
0.689 0.384403491150163
0.69 0.38405893158142
0.691 0.383714773515006
0.692 0.383371016419949
0.693 0.383027659765934
0.694 0.382684703023314
0.695 0.382342145663104
0.696 0.381999987156983
0.697 0.381658226977293
0.698 0.381316864597036
0.699 0.380975899489881
0.7 0.380635331130157
0.701 0.38029515899286
0.702 0.379955382553643
0.703 0.379616001288828
0.704 0.379277014675394
0.705 0.378938422190991
0.706 0.378600223313917
0.707 0.378262417523149
0.708 0.377925004298314
0.709 0.37758798311971
0.71 0.377251353468288
0.711 0.376915114825673
0.712 0.376579266674140
0.713 0.376243808496632
0.714 0.375908739776751
0.715 0.375574059998761
0.716 0.375239768647591
0.717 0.374905865208827
0.718 0.374572349168715
0.719 0.374239220014163
0.72 0.373906477232745
0.721 0.373574120312686
0.722 0.373242148742876
0.723 0.372910562012868
0.724 0.372579359612866
0.725 0.372248541033743
0.726 0.371918105767027
0.727 0.371588053304906
0.728 0.371258383140223
0.729 0.370929094766486
0.73 0.370600187677857
0.731 0.370271661369153
0.732 0.369943515335863
0.733 0.369615749074115
0.734 0.369288362080707
0.735 0.368961353853092
0.736 0.368634723889375
0.737 0.368308471688322
0.738 0.367982596749354
0.739 0.36765709857255
0.74 0.367331976658638
0.741 0.367007230509009
0.742 0.366682859625705
0.743 0.366358863511423
0.744 0.366035241669517
0.745 0.365711993603992
0.746 0.365389118819511
0.747 0.365066616821383
0.748 0.364744487115576
0.749 0.364422729208711
0.75 0.364101342608057
0.751 0.363780326821542
0.752 0.363459681357738
0.753 0.363139405725873
0.754 0.362819499435826
0.755 0.362499961998125
0.756 0.362180792923948
0.757 0.361861991725123
0.758 0.361543557914131
0.759 0.361225491004096
0.76 0.360907790508799
0.761 0.36059045594266
0.762 0.360273486820753
0.763 0.359956882658797
0.764 0.359640642973162
0.765 0.359324767280857
0.766 0.359009255099544
0.767 0.358694105947534
0.768 0.358379319343769
0.769 0.358064894807855
0.77 0.357750831860025
0.771 0.357437130021168
0.772 0.357123788812816
0.773 0.356810807757135
0.774 0.356498186376944
0.775 0.356185924195697
0.776 0.355874020737501
0.777 0.355562475527088
0.778 0.355251288089847
0.779 0.354940457951798
0.78 0.354629984639604
0.781 0.354319867680567
0.782 0.354010106602628
0.783 0.353700700934366
0.784 0.353391650205004
0.785 0.353082953944394
0.786 0.352774611683032
0.787 0.352466622952047
0.788 0.352158987283205
0.789 0.351557230999446
0.79 0.35124921166869
0.791 0.350941541519448
0.792 0.350634220078729
0.793 0.350327246874208
0.794 0.350020621434224
0.795 0.349714343287774
0.796 0.349408411964522
0.797 0.349102826994787
0.798 0.348797587909549
0.799 0.348492694240455
0.8 0.348188145519802
0.801 0.347883941280554
0.802 0.347580081056327
0.803 0.347276564381396
0.804 0.346973390790699
0.805 0.346670559819824
0.806 0.346368071005017
0.807 0.346065923883186
0.808 0.345764117991883
0.809 0.345462652869324
0.81 0.345161528054374
0.811 0.344860743086556
0.812 0.34456029750604
0.813 0.344260190853658
0.814 0.343960422670882
0.815 0.343660992499848
0.816 0.343361899883335
0.817 0.343063144364769
0.818 0.342764725488236
0.819 0.342466642798467
0.82 0.342168895840837
0.821 0.341871484161375
0.822 0.341574407306755
0.823 0.3412776648243
0.824 0.340981256261975
0.825 0.340685181168395
0.826 0.34038943909282
0.827 0.340094029585151
0.828 0.339798952195941
0.829 0.339504206476373
0.83 0.339209791978288
0.831 0.338915708254157
0.832 0.338621954857102
0.833 0.338328531340882
0.834 0.338035437259894
0.835 0.337742672169179
0.836 0.337450235624417
0.837 0.337158127181922
0.838 0.336866346398652
0.839 0.336574892832199
0.84 0.336283766040794
0.841 0.3359929655833
0.842 0.335702491019225
0.843 0.335412341908699
0.844 0.335122517812497
0.845 0.334833018292022
0.846 0.334543842909314
0.847 0.334254991227039
0.848 0.333966462808504
0.849 0.333678257217643
0.85 0.333390374019017
0.851 0.333102812777819
0.852 0.332815573059875
0.853 0.332528654431637
0.854 0.332242056460185
0.855 0.331955778713226
0.856 0.331669820759095
0.857 0.331384182166749
0.858 0.331098862505779
0.859 0.330813861346393
0.86 0.330529178259425
0.861 0.330244812816334
0.862 0.329960764589199
0.863 0.329677033150727
0.864 0.329393618074241
0.865 0.329110518933685
0.866 0.32882773530363
0.867 0.328545266759254
0.868 0.328263112876365
0.869 0.327981273231384
0.87 0.327699747401355
0.871 0.327418534963930
0.872 0.327137635497382
0.873 0.326857048580602
0.874 0.32657677379309
0.875 0.326296810714966
0.876 0.326017158926959
0.877 0.325737818010416
0.878 0.325458787547288
0.879 0.325180067120142
0.88 0.324901656312162
0.881 0.324623554707131
0.882 0.324345761889443
0.883 0.324068277444112
0.884 0.323791100956748
0.885 0.323514232013573
0.886 0.323237670201411
0.887 0.322961415107701
0.888 0.322685466320478
0.889 0.322409823428388
0.89 0.322134486020678
0.891 0.321859453687199
0.892 0.321584726018403
0.893 0.321310302605341
0.894 0.321036183039675
0.895 0.320762366913660
0.896 0.320488853820146
0.897 0.320215643352593
0.898 0.319942735105051
0.899 0.319670128672174
0.9 0.319397823649205
0.901 0.319125819631989
0.902 0.318854116216963
0.903 0.318582713001164
0.904 0.318311609582218
0.905 0.318040805558340
0.906 0.317770300528352
0.907 0.317500094091652
0.908 0.317230185848239
0.909 0.316960575398697
0.91 0.316691262344204
0.911 0.316422246286528
0.912 0.316153526828018
0.913 0.315885103571613
0.914 0.315616976120848
0.915 0.31534914407983
0.916 0.315081607053261
0.917 0.314814364646427
0.918 0.314547416465190
0.919 0.314280762116006
0.92 0.314014401205907
0.921 0.313748333342508
0.922 0.313482558134004
0.923 0.313217075189174
0.924 0.312951884117373
0.925 0.312686984528535
0.926 0.312422376033174
0.927 0.312158058242384
0.928 0.311894030767826
0.929 0.311630293221747
0.93 0.311366845216965
0.931 0.311103686366874
0.932 0.310840816285437
0.933 0.310578234587198
0.934 0.310315940887266
0.935 0.310053934801325
0.936 0.309792215945631
0.937 0.309530783937008
0.938 0.309269638392848
0.939 0.309008778931119
0.94 0.308748205170345
0.941 0.308487916729626
0.942 0.308227913228626
0.943 0.307968194287579
0.944 0.307708759527272
0.945 0.307449608569069
0.946 0.307190741034891
0.947 0.306932156547225
0.948 0.306673854729116
0.949 0.306415835204173
0.95 0.306158097596565
0.951 0.305900641531022
0.952 0.305643466632833
0.953 0.305386572527842
0.954 0.305129958842452
0.955 0.304873625203625
0.956 0.304617571238879
0.957 0.304361796576286
0.958 0.304106300844471
0.959 0.303851083672616
0.96 0.303596144690457
0.961 0.303341483528277
0.962 0.303087099816914
0.963 0.302832993187761
0.964 0.302579163272752
0.965 0.30232560970438
0.966 0.302072332115681
0.967 0.301819330140239
0.968 0.301566603412186
0.969 0.301314151566205
0.97 0.301061974237516
0.971 0.300810071061896
0.972 0.30055844167565
0.973 0.300307085715643
0.974 0.300056002819267
0.975 0.299805192624474
0.976 0.299554654769744
0.977 0.299304388894103
0.978 0.29905439463711
0.979 0.298804671638873
0.98 0.298555219540032
0.981 0.298306037981767
0.982 0.298057126605794
0.983 0.297808485054365
0.984 0.297560112970268
0.985 0.297312009996823
0.986 0.297064175777889
0.987 0.296816609957855
0.988 0.296569312181640
0.989 0.296322282094700
0.99 0.296075519343021
0.991 0.295829023573112
0.992 0.295582794432022
0.993 0.295336831567323
0.994 0.295091134627111
0.995 0.29484570326002
0.996 0.294600537115201
0.997 0.294355635842334
0.998 0.294110999091627
0.999 0.293866626513806
1 0.293622517760127
1.01 0.29119586419955
1.02 0.288795213290085
1.03 0.286420224807346
1.04 0.284070563600275
1.05 0.281745899517946
1.06 0.279445907336779
1.07 0.27717026668818
1.08 0.274918661986667
1.09 0.272690782358536
1.1 0.270486321571096
1.11 0.268304977962499
1.12 0.266146454372236
1.13 0.264010458072278
1.14 0.261896700698928
1.15 0.259804898185388
1.16 0.257734770695068
1.17 0.255686042555645
1.18 0.253658442193907
1.19 0.250473269337456
1.2 0.248492384402393
1.21 0.246532278628585
1.22 0.245754026945689
1.23 0.243828130881592
1.24 0.241921815688467
1.25 0.240034836729591
1.26 0.238166952975098
1.27 0.236317926944167
1.28 0.234487524648028
1.29 0.232675515533821
1.3 0.230881672429254
1.31 0.229105771488114
1.32 0.227347592136579
1.33 0.225606917020358
1.34 0.223883531952635
1.35 0.222177225862829
1.36 0.220487790746149
1.37 0.218815021613932
1.38 0.217158716444793
1.39 0.215518676136523
1.4 0.213894704458790
1.41 0.212286608006568
1.42 0.210694196154357
1.43 0.209117281011126
1.44 0.207555677375996
1.45 0.206009202694661
1.46 0.204477677016523
1.47 0.202960922952535
1.48 0.201458765633752
1.49 0.199971032670567
1.5 0.198497554112635
1.51 0.197038162409464
1.52 0.195592692371678
1.53 0.194160981132922
1.54 0.192742868112424
1.55 0.191338194978183
1.56 0.189946805610787
1.57 0.188568546067838
1.58 0.187203264549004
1.59 0.185850811361641
1.6 0.184511038887022
1.61 0.183183801547138
1.62 0.181868955772067
1.63 0.180566359967906
1.64 0.179275874485253
1.65 0.177997361588224
1.66 0.176730685424023
1.67 0.175475711993003
1.68 0.174232309119282
1.69 0.173000346421832
1.7 0.171779695286088
1.71 0.170570228836038
1.72 0.169371821906794
1.73 0.168184351017638
1.74 0.167007694345544
1.75 0.165841731699133
1.76 0.164686344493104
1.77 0.163541415723087
1.78 0.162406829940943
1.79 0.161282473230489
1.8 0.160168233183625
1.81 0.159063998876904
1.82 0.157969660848477
1.83 0.156885111075454
1.84 0.155810242951645
1.85 0.154744951265690
1.86 0.153689132179568
1.87 0.152642683207469
1.88 0.15160550319503
1.89 0.150577492298940
1.9 0.149558551966879
1.91 0.148548584917814
1.92 0.147547495122626
1.93 0.146555187785071
1.94 0.145571569323072
1.95 0.144596547350326
1.96 0.143630030658223
1.97 0.142671929198085
1.98 0.141722154063696
1.99 0.14078061747414
2 0.139847232756924
2.01 0.138921914331393
2.02 0.138004577692426
2.03 0.137095139394408
2.04 0.136193517035477
2.05 0.135299629242032
2.06 0.134413395653511
2.07 0.133534736907420
2.08 0.132663574624624
2.09 0.131799831394869
2.1 0.130943430762571
2.11 0.130094297212823
2.12 0.129252356157652
2.13 0.128417533922500
2.14 0.127589757732931
2.15 0.126768955701564
2.16 0.125955056815223
2.17 0.125080831509858
2.18 0.124271683053757
2.19 0.123469156572898
2.2 0.122673185888145
2.21 0.121883705627829
2.22 0.121100651215789
2.23 0.120323958859632
2.24 0.119553565539181
2.25 0.118789408995127
2.26 0.118031427717877
2.27 0.117279560936585
2.28 0.116533748608373
2.29 0.115793931407735
2.3 0.115060050716125
2.31 0.114332048611712
2.32 0.113609867859316
2.33 0.112893451900513
2.34 0.112182744843902
2.35 0.111477691455542
2.36 0.110778237149548
2.37 0.110084327978841
2.38 0.109395910626059
2.39 0.108712932394618
2.4 0.108035341199919
2.41 0.107363085560708
2.42 0.106696114590569
2.43 0.106034377989578
2.44 0.105377826036070
2.45 0.105064308424679
2.46 0.104428347820563
2.47 0.103797461405537
2.48 0.103171600477896
2.49 0.102550716886163
2.5 0.101934763021731
2.51 0.101323691811615
2.52 0.100717456711314
2.53 0.100116011697801
2.54 0.0995193112626
2.55 0.0989273104049882
2.56 0.0983399646253
2.57 0.0977572299183269
2.58 0.0971790627668317
2.59 0.096605420135155
2.6 0.0960362594629222
2.61 0.095471538658851
2.62 0.0949112160946476
2.63 0.0943552505990007
2.64 0.093803601451667
2.65 0.0932562283776473
2.66 0.092713091541452
2.67 0.092174151541445
2.68 0.0916393694042918
2.69 0.0914747431991414
2.7 0.0909615662544393
2.71 0.0904523621239482
2.72 0.0899470929051596
2.73 0.0894457211191705
2.74 0.0889482097052437
2.75 0.088454522015447
2.76 0.0879646218093652
2.77 0.0874784732488968
2.78 0.0869960408931188
2.79 0.0865172896932294
2.8 0.0860421849875618
2.81 0.0855706924966704
2.82 0.0851027783184911
2.83 0.0846384089235633
2.84 0.0841775511503244
2.85 0.0837201722004786
2.86 0.083266239634416
2.87 0.0828157213667155
2.88 0.0823685856616937
2.89 0.0819248011290318
2.9 0.0814843367194584
2.91 0.081047161720491
2.92 0.0806132457522427
2.93 0.0801825588651483
2.94 0.0797550711275624
2.95 0.0793307532355427
2.96 0.0789095760987987
2.97 0.0784915109395319
2.98 0.0780765292885755
2.99 0.0776646029816023
3 0.0772557041553732
3.01 0.0768498052440469
3.02 0.076446878975534
3.03 0.0760468983679095
3.04 0.0756498367258663
3.05 0.0752556676372255
3.06 0.0748643649694931
3.07 0.0744759028664568
3.08 0.0740902557448458
3.09 0.0737073982910185
3.1 0.0733273054577087
3.11 0.0729499524608102
3.12 0.0725753147762106
3.13 0.0722033681366597
3.14 0.071834088528691
3.15 0.0714674521895789
3.16 0.071103435604337
3.17 0.0707420155027628
3.18 0.0703831688565132
3.19 0.0700268728762334
3.2 0.0696731050087093
3.21 0.0693218429340677
3.22 0.0689730645630125
3.23 0.0686267480341013
3.24 0.068282871711047
3.25 0.067941414180071
3.26 0.0676023542472821
3.27 0.067265670936092
3.28 0.0669313434846666
3.29 0.0665993513434128
3.3 0.0662696741724949
3.31 0.065942291839387
3.32 0.065617184416455
3.33 0.0652943321785752
3.34 0.064973715600781
3.35 0.0646553153559405
3.36 0.0643391123124648
3.37 0.0640250875320488
3.38 0.0637132222674398
3.39 0.0634034979602366
3.4 0.0630958962387115
3.41 0.062790398915675
3.42 0.0624869879863482
3.43 0.0621856456262835
3.44 0.0618863541892948
3.45 0.0615890962054266
3.46 0.0612938543789468
3.47 0.0610006115863592
3.48 0.0607093508744496
3.49 0.060420055458352
3.5 0.0601327086548769
3.51 0.0598472941401514
3.52 0.0595637955577837
3.53 0.0592821967774771
3.54 0.05971075033733
3.55 0.0594348043828214
3.56 0.0591607003971165
3.57 0.0588884228539363
3.58 0.0586179563798328
3.59 0.0583492857524765
3.6 0.0580823958989824
3.61 0.0578172718942423
3.62 0.0575538989592807
3.63 0.0572922624596428
3.64 0.0570323479037829
3.65 0.0567741409414946
3.66 0.0565176273623409
3.67 0.0562627930941195
3.68 0.0560096242013355
3.69 0.055758106883701
3.7 0.0555082274746512
3.71 0.0552599724398756
3.72 0.0550133283758695
3.73 0.0547682820085088
3.74 0.0545248201916301
3.75 0.0542829299056404
3.76 0.054042598256138
3.77 0.0538038124725493
3.78 0.0535665599067874
3.79 0.0533308280319182
3.8 0.0530966044408578
3.81 0.0528638768450662
3.82 0.0526326330732748
3.83 0.0524028610702167
3.84 0.0521745488953797
3.85 0.051947684721772
3.86 0.0517222568347024
3.87 0.0514982536305749
3.88 0.0512756636157019
3.89 0.051054475405123
3.9 0.0490367552060628
3.91 0.0488103054476099
3.92 0.048585262877839
3.93 0.048361616566497
3.94 0.0481393556830718
3.95 0.0479184694957521
3.96 0.0476989473703948
3.97 0.0474807787695087
3.98 0.0472639532512492
3.99 0.047048460468422
4 0.0468342901675039
4.01 0.0466214321876721
4.02 0.0464098764598449
4.03 0.0461996130057348
4.04 0.0459906319369132
4.05 0.0457829234538821
4.06 0.0455764778451641
4.07 0.0453712854863965
4.08 0.0451673368394372
4.09 0.0449646224514853
4.1 0.0447631329542069
4.11 0.0445628590628739
4.12 0.0443637915755104
4.13 0.0441659213720546
4.14 0.043969239413519
4.15 0.0437737367411773
4.16 0.0435794044757446
4.17 0.0433862338165736
4.18 0.0431942160408645
4.19 0.0430033425028751
4.2 0.0428136046331471
4.21 0.0426249939377371
4.22 0.0424375019974603
4.23 0.0420312628293958
4.24 0.0418449283805081
4.25 0.0416596930272216
4.26 0.0414755486521351
4.27 0.041292487208475
4.28 0.0411105007193936
4.29 0.0409295812772777
4.3 0.0407406631261182
4.31 0.0405618171493141
4.32 0.0403840148958440
4.33 0.0402072487223753
4.34 0.0400315110514768
4.35 0.0398567943709751
4.36 0.039683091233315
4.37 0.0395103942549209
4.38 0.0393386961155749
4.39 0.0391679895577933
4.4 0.0389982673862191
4.41 0.0388295224670101
4.42 0.0386617477272448
4.43 0.0384949361543250
4.44 0.0383290807953956
4.45 0.0381641747567600
4.46 0.0380002112033063
4.47 0.0378371833579471
4.48 0.0376750845010501
4.49 0.0375139079698913
4.5 0.037353647158099
4.51 0.0371942955151165
4.52 0.0370358465456651
4.53 0.0368782938092114
4.54 0.0367216309194402
4.55 0.0365658515437421
4.56 0.0366729054303469
4.57 0.0365197953286813
4.58 0.0363675449311395
4.59 0.036216148121881
4.6 0.0360655988364975
4.61 0.0359158910615216
4.62 0.0357670188339423
4.63 0.0356189762407208
4.64 0.0354717574183178
4.65 0.0353253565522220
4.66 0.0351797678764808
4.67 0.0350349856732484
4.68 0.0348910042723182
4.69 0.0347478180506815
4.7 0.0346054214320772
4.71 0.0344638088865502
4.72 0.034117445782969
4.73 0.0339773021301943
4.74 0.0338379301467
4.75 0.0336993244492701
4.76 0.0335614796990743
4.77 0.0334243906012509
4.78 0.033288051904492
4.79 0.0331524584006464
4.8 0.0330176049243081
4.81 0.0328834863524285
4.82 0.0327500976039129
4.83 0.0330211738943573
4.84 0.0328891879850622
4.85 0.0327579118170635
4.86 0.0326273405189929
4.87 0.0324974692592438
4.88 0.0323682932456062
4.89 0.0322398077248951
4.9 0.0321120079825968
4.91 0.0319848893425047
4.92 0.0318584471663694
4.93 0.0317326768535468
4.94 0.0316075738406490
4.95 0.0314831336012074
4.96 0.0313593516453265
4.97 0.0312362235193514
4.98 0.0311137448055352
4.99 0.0309919111217067
5 0.0308707181209487
5.01 0.0307501614912731
5.02 0.0306302369553013
5.03 0.0305109402699478
5.04 0.0303922672261116
5.05 0.0302742136483599
5.06 0.0301567753946270
5.07 0.0300399483559087
5.08 0.0299237284559634
5.09 0.0298081116510102
5.1 0.0296930939294426
5.11 0.0295786713115317
5.12 0.0294648398491379
5.13 0.0293515956254275
5.14 0.0292389347545898
5.15 0.0288190128286874
5.16 0.0287068705507651
5.17 0.0285953045734671
5.18 0.0284843111171085
5.19 0.0279745431266049
5.2 0.0278648815321566
5.21 0.0277557849114951
5.22 0.0276472495658172
5.23 0.0275392718251298
5.24 0.0274318480479957
5.25 0.0273249746212808
5.26 0.0272186479599036
5.27 0.0271128645065882
5.28 0.0270076207316213
5.29 0.0269029131326054
5.3 0.0267987382342224
5.31 0.0266950925879954
5.32 0.0265919727720511
5.33 0.0264893753908868
5.34 0.0263872970751423
5.35 0.0262857344813685
5.36 0.0261846842918012
5.37 0.0260841432141379
5.38 0.0259841079813143
5.39 0.0258845753512873
5.4 0.0257855421068104
5.41 0.0256870050552287
5.42 0.0255889610282527
5.43 0.0254914068817583
5.44 0.0253943394955692
5.45 0.0252977557732529
5.46 0.0252016526419142
5.47 0.025106027051992
5.48 0.0250108759770593
5.49 0.0249161964136178
5.5 0.0248219853809091
5.51 0.0247282399207095
5.52 0.0246349570971423
5.53 0.0245421339964848
5.54 0.0244497677269751
5.55 0.0243578554186263
5.56 0.0242663942230386
5.57 0.0241753813132142
5.58 0.0240848138833749
5.59 0.0239946891487818
5.6 0.0239050043455511
5.61 0.0238157567304811
5.62 0.0237269435808749
5.63 0.0236385621943615
5.64 0.0235506098887287
5.65 0.023463084001749
5.66 0.0233759818910071
5.67 0.0232893009337384
5.68 0.0232030385266547
5.69 0.0231171920857862
5.7 0.0230317590463123
5.71 0.0229467368624027
5.72 0.0228621230070588
5.73 0.02277791497195
5.74 0.0226941102672578
5.75 0.0226107064215242
5.76 0.022527700981492
5.77 0.0224450915119519
5.78 0.0223628755955944
5.79 0.0222810508328579
5.8 0.0225814302071691
5.81 0.0225000193469099
5.82 0.0224189907046671
5.83 0.0223383419731437
5.84 0.0222580708618839
5.85 0.0221781750971257
5.86 0.022098652421667
5.87 0.0220195005947266
5.88 0.0219407173918043
5.89 0.0218623006045470
5.9 0.0217842480406138
5.91 0.021706557523544
5.92 0.0216292268926244
5.93 0.0215522540027567
5.94 0.0214756367243308
5.95 0.0213993729430954
5.96 0.0213234605600286
5.97 0.0212478974912154
5.98 0.0211726816677213
5.99 0.0210978110354692
6 0.0210232835551146
6.01 0.0209490972019256
6.02 0.0208752499656643
6.03 0.0208017398504652
6.04 0.0207285648747182
6.05 0.0206557230709503
6.06 0.0205832124857120
6.07 0.0205110311794591
6.08 0.0204391772264405
6.09 0.0203676487145879
6.1 0.0202964437453987
6.11 0.0202255604338300
6.12 0.0201549969081861
6.13 0.0200847513100085
6.14 0.0200148217939743
6.15 0.0199452065277804
6.16 0.0198759036920461
6.17 0.0198069114802009
6.18 0.0197382280983869
6.19 0.0196698517653512
6.2 0.0196017807123471
6.21 0.0195340131830292
6.22 0.019466547433356
6.23 0.0193993817314912
6.24 0.0193325143577021
6.25 0.0192659436042651
6.26 0.0191996677753671
6.27 0.0191336851870087
6.28 0.0190679941669125
6.29 0.0190025930544273
6.3 0.0189374802004346
6.31 0.0188726539672556
6.32 0.0188081127285606
6.33 0.0187438548692776
6.34 0.0186798787855023
6.35 0.0186161828844105
6.36 0.0185527655841670
6.37 0.0184896253138396
6.38 0.0184267605133123
6.39 0.0183641696331994
6.4 0.0183018511347578
6.41 0.0182398034898066
6.42 0.0181780251806393
6.43 0.0181165146999438
6.44 0.0180552705507182
6.45 0.0179942912461906
6.46 0.0179335753097355
6.47 0.017873121274798
6.48 0.0178129276848095
6.49 0.0177529930931140
6.5 0.0176933160628836
6.51 0.0176338951670500
6.52 0.0175747289882190
6.53 0.0175158161185981
6.54 0.0174571551599244
6.55 0.0173987447233825
6.56 0.0173405834295375
6.57 0.0172826699082592
6.58 0.0172250027986466
6.59 0.0171675807489605
6.6 0.0171104024165478
6.61 0.0170534664677728
6.62 0.0169967715779490
6.63 0.0169403164312626
6.64 0.0168840997207133
6.65 0.0168281201480353
6.66 0.0167723764236385
6.67 0.0167168672665359
6.68 0.0166615914042789
6.69 0.0166065475728907
6.7 0.0165517345167997
6.71 0.0164971509887777
6.72 0.0164427957498719
6.73 0.0163886675693442
6.74 0.0163347652246056
6.75 0.0162810875011537
6.76 0.0162276331925124
6.77 0.0161744011001676
6.78 0.016121390033508
6.79 0.0160685988097636
6.8 0.0160160262539474
6.81 0.015963671198793
6.82 0.0159115324846955
6.83 0.0158596089596582
6.84 0.0158078994792255
6.85 0.0157564029064355
6.86 0.0157051181117549
6.87 0.0156540439730262
6.88 0.0156031793754108
6.89 0.0155525232113345
6.9 0.0155020743804289
6.91 0.0154518317894823
6.92 0.0154017943523795
6.93 0.0153519609900531
6.94 0.0153023306304261
6.95 0.0152529022083613
6.96 0.0152036746656104
6.97 0.0151546469507574
6.98 0.0153599127367040
6.99 0.0153121652757968
7 0.0152646151693357
7.01 0.0152172613853664
7.02 0.0151701028985173
7.03 0.0151231386899487
7.04 0.0150763677473089
7.05 0.015029789064679
7.06 0.0149834016425312
7.07 0.0149372044876756
7.08 0.0148911966132182
7.09 0.0148453770385117
7.1 0.0147997447891073
7.11 0.0147542988967112
7.12 0.0147090383991401
7.13 0.0146639623402723
7.14 0.0143507627369045
7.15 0.0143051596246731
7.16 0.0142597375961446
7.17 0.0142144957263452
7.18 0.0141694330961404
7.19 0.01412454879219
7.2 0.0140798419069113
7.21 0.0140353115384305
7.22 0.0139909567905434
7.23 0.0139467767726726
7.24 0.0139027705998282
7.25 0.0138589373925641
7.26 0.0138152762769380
7.27 0.0137717863844721
7.28 0.0137284668521134
7.29 0.0136853168221919
7.3 0.0136423354423812
7.31 0.0135995218656615
7.32 0.0135568752502815
7.33 0.0135143947597168
7.34 0.0134720795626314
7.35 0.0134299288328453
7.36 0.0133879417492929
7.37 0.0133461174959837
7.38 0.0133044552619709
7.39 0.0132629542413112
7.4 0.0132216136330299
7.41 0.0131804326410836
7.42 0.0131394104743262
7.43 0.0130985463464727
7.44 0.0130578394760628
7.45 0.0130172890864284
7.46 0.0129768944056585
7.47 0.0129366546665624
7.48 0.0128965691066418
7.49 0.0128566369680479
7.5 0.0128168574975566
7.51 0.0127772299465311
7.52 0.0127377535708900
7.53 0.0126984276310740
7.54 0.0126592513920145
7.55 0.0126202241231004
7.56 0.0125813450981471
7.57 0.012542613595365
7.58 0.0125040288973282
7.59 0.0124655902909414
7.6 0.0124272970674135
7.61 0.0123891485222221
7.62 0.0123511439550859
7.63 0.0123132826699350
7.64 0.0122755639748794
7.65 0.0122379871821789
7.66 0.0122005516082178
7.67 0.0121632565734704
7.68 0.0121261014024757
7.69 0.0120890854238085
7.7 0.0120522079700483
7.71 0.0120154683777534
7.72 0.0119788659874335
7.73 0.0119424001435199
7.74 0.0119060701943391
7.75 0.0118698754920852
7.76 0.0118338153927936
7.77 0.0117978892563115
7.78 0.0117620964462754
7.79 0.0117264363300806
7.8 0.0116909082788573
7.81 0.0116555116674440
7.82 0.0116202458743612
7.83 0.0115851102817861
7.84 0.0115501042755288
7.85 0.0115152272450014
7.86 0.0114804785832012
7.87 0.0114458576866808
7.88 0.0114113639555216
7.89 0.0113769967933142
7.9 0.0113427556071336
7.91 0.0113086398075098
7.92 0.0112746488084092
7.93 0.0112407820272106
7.94 0.0112070388846787
7.95 0.0111734188049436
7.96 0.0111399212154758
7.97 0.0111065455470637
7.98 0.0110732912337932
7.99 0.0110401577130196
8 0.0109612600285871
8.01 0.0109283740222922
8.02 0.0108956072576668
8.03 0.0108629591841480
8.04 0.0108304292543369
8.05 0.0107980169239819
8.06 0.0107657216519532
8.07 0.0111320354588654
8.08 0.0111008753790015
8.09 0.0110698305109811
8.1 0.0110389003202089
8.11 0.0110080842751131
8.12 0.0109773818471322
8.13 0.0109467925106936
8.14 0.0109163157431922
8.15 0.0108859510249683
8.16 0.0108556978392937
8.17 0.0108255556723468
8.18 0.0107955240131949
8.19 0.0107656023537771
8.2 0.0107357901888815
8.21 0.0107060870161293
8.22 0.0106764923359541
8.23 0.0106470056515820
8.24 0.0106176264690171
8.25 0.0105883542970202
8.26 0.0105591886470910
8.27 0.0105301290334496
8.28 0.0105011749730193
8.29 0.0104723259854064
8.3 0.0104435815928891
8.31 0.0104149413203910
8.32 0.0103864046954694
8.33 0.0103579712482965
8.34 0.0103296405116410
8.35 0.0103014120208555
8.36 0.0102732853138522
8.37 0.0102452599310918
8.38 0.0102173354155668
8.39 0.0101895113127803
8.4 0.0101617871707358
8.41 0.0101341625399148
8.42 0.0101066369732644
8.43 0.0100792100261823
8.44 0.0100518812564956
8.45 0.0100246502244506
8.46 0.00999751649269403
8.47 0.00997047962625866
8.48 0.00994353919254618
8.49 0.0099166947613137
8.5 0.00988994590465887
8.51 0.00986329219700216
8.52 0.00983673321507301
8.53 0.00981026853789799
8.54 0.00978389774678077
8.55 0.00975762042529142
8.56 0.00973143615924941
8.57 0.00970534453671008
8.58 0.00967934514795211
8.59 0.00965343758545884
8.6 0.00962762144390982
8.61 0.00960189632016103
8.62 0.0095762618132354
8.63 0.0095507175243067
8.64 0.0095252630566859
8.65 0.0094998980158084
8.66 0.0094746220092203
8.67 0.00944943464656437
8.68 0.0094243355395679
8.69 0.00939932430202687
8.7 0.00937440054979603
8.71 0.00934956390077371
8.72 0.00932481397489142
8.73 0.00930015039409616
8.74 0.00927557278234322
8.75 0.00925108076557935
8.76 0.0092266739717324
8.77 0.00920235203069913
8.78 0.0091781145743305
8.79 0.00910243627584046
8.8 0.00907820814052785
8.81 0.0090540633356978
8.82 0.00903000150207186
8.83 0.00900602228227
8.84 0.00898212532079078
8.85 0.00895831026400326
8.86 0.00893457676013427
8.87 0.0089109244592566
8.88 0.0088873530132785
8.89 0.00886386207593176
8.9 0.00884045130275966
8.91 0.00881712035110478
8.92 0.00879386888010285
8.93 0.00877069655066266
8.94 0.00874760302546548
8.95 0.00872458796894644
8.96 0.0087016510472843
8.97 0.00867879192839644
8.98 0.00865601028192098
8.99 0.00863330577921039
9 0.00861067809332009
9.01 0.00858812689899612
9.02 0.00856565187266853
9.03 0.00854325269243655
9.04 0.00852092903806257
9.05 0.0084986805909564
9.06 0.00847650703417243
9.07 0.00845440805239374
9.08 0.008432383331924
9.09 0.00841043256067806
9.1 0.00838855542817094
9.11 0.00836675162550952
9.12 0.00834502084538112
9.13 0.0083233627820466
9.14 0.0083017771313261
9.15 0.0082802635905956
9.16 0.0082588218587721
9.17 0.00823745163630692
9.18 0.00821615262517566
9.19 0.00819492452886974
9.2 0.00817376705238654
9.21 0.00815267990221947
9.22 0.00813166278635105
9.23 0.00811071541424157
9.24 0.00808983749682245
9.25 0.0080690434782285
9.26 0.00804838708301758
9.27 0.00802779916617638
9.28 0.0080072794438991
9.29 0.00798682763380945
9.3 0.00796644345495755
9.31 0.00794612662780573
9.32 0.00792587687422135
9.33 0.00790569391747272
9.34 0.0078855774822124
9.35 0.00786552729447934
9.36 0.0078455430816814
9.37 0.00782562457259158
9.38 0.00780577149734048
9.39 0.0077859835874056
9.4 0.00776626057560602
9.41 0.00774660219609134
9.42 0.0077270081843384
9.43 0.00770747827713843
9.44 0.00768801221259026
9.45 0.00766860973009796
9.46 0.00764927057035564
9.47 0.00762999447534307
9.48 0.00761078118832064
9.49 0.00759163045381683
9.5 0.00757254201762428
9.51 0.00755351562679286
9.52 0.00753455102961812
9.53 0.00751564797563759
9.54 0.0074968062156234
9.55 0.00747802550157286
9.56 0.00745930558670491
9.57 0.00744064622544747
9.58 0.00742204717343664
9.59 0.00740350818750428
9.6 0.00738502902567433
9.61 0.00736660944715553
9.62 0.00734824921233188
9.63 0.00732994808276213
9.64 0.00731170582116309
9.65 0.00729352219141137
9.66 0.00727539695853539
9.67 0.00725732988870288
9.68 0.0072393207492229
9.69 0.00722136930853174
9.7 0.00720347533619083
9.71 0.00718563860287745
9.72 0.00716785888038368
9.73 0.00715013594159988
9.74 0.0071324695605212
9.75 0.00711485951222928
9.76 0.00709730557289386
9.77 0.00707980751976388
9.78 0.0070623651311607
9.79 0.00704497818647324
9.8 0.00702764646615104
9.81 0.00701036975169875
9.82 0.00699314782567008
9.83 0.00697598047165899
9.84 0.00695886747429997
9.85 0.00694180861925694
9.86 0.00692480369321683
9.87 0.00690785248389043
9.88 0.00689095477999698
9.89 0.00687411037126767
9.9 0.00685731904843177
9.91 0.00684058060321836
9.92 0.00682389482834553
9.93 0.00680726151751602
9.94 0.00679068046541347
9.95 0.00677415146769435
9.96 0.00675767432098388
9.97 0.00674124882287107
9.98 0.00672487477190133
9.99 0.00670855196757386
10 0.00669228021033334
10.01 0.0066760593015655
10.02 0.00665988904359519
10.03 0.00664376923967545
10.04 0.00662769969398634
10.05 0.00661168021162941
10.06 0.00659571059861941
10.07 0.00657979066188427
10.08 0.006563920209255
10.09 0.00654809904946377
10.1 0.00653232699213835
10.11 0.0065166038477958
10.12 0.00650092942784114
10.13 0.0064853035445562
10.14 0.00646972601110047
10.15 0.00645419664150324
10.16 0.00643871525066248
10.17 0.00642328165433194
10.18 0.00640789566912698
10.19 0.00639255711251233
10.2 0.00637726580279831
10.21 0.006362021559139
10.22 0.00634682420152668
10.23 0.00633167355078605
10.24 0.00631656942856983
10.25 0.0063015116573547
10.26 0.00628650006043647
10.27 0.00627153446192574
10.28 0.00625661468674636
10.29 0.00624174056062252
10.3 0.00622691191008558
10.31 0.00621212856246073
10.32 0.00619739034586737
10.33 0.00618269708921283
10.34 0.00616804862218816
10.35 0.0061534447752663
10.36 0.00613888537969376
10.37 0.00612437026748943
10.38 0.00610989927143966
10.39 0.00609547222509418
10.4 0.0060810889627606
10.41 0.00606674931950222
10.42 0.00605245313113345
10.43 0.00603820023421564
10.44 0.00602399046605059
10.45 0.00600982366468314
10.46 0.00599569966888837
10.47 0.00598161831817442
10.48 0.00596757945277646
10.49 0.00595358291365231
10.5 0.00593962854247927
10.51 0.00592571618164723
10.52 0.00591184567426091
10.53 0.00589801686413065
10.54 0.00588422959577276
10.55 0.00587048371440007
10.56 0.0058567790659239
10.57 0.00584311549694826
10.58 0.00582949285476602
10.59 0.00581591098735391
10.6 0.00580236974337193
10.61 0.00578886897215683
10.62 0.00577540852372086
10.63 0.00576198824874516
10.64 0.00574860799857893
10.65 0.0057352676252373
10.66 0.00572196698139178
10.67 0.00570870592037293
10.68 0.0056954842961639
10.69 0.00568230196339797
10.7 0.0056691587773529
10.71 0.00565605459395173
10.72 0.00564298926975648
10.73 0.00562996266196498
10.74 0.00561697462840703
10.75 0.00560402502754263
10.76 0.00559111371845866
10.77 0.00557824056086456
10.78 0.00556540541508804
10.79 0.00555260814207495
10.8 0.00553984860338288
10.81 0.00552712666118174
10.82 0.0055144421782451
10.83 0.00550179501795221
10.84 0.00548918504428265
10.85 0.0054766121218121
10.86 0.00546407611571176
10.87 0.00545157689174355
10.88 0.00543911431625759
10.89 0.00542668825618915
10.9 0.00541429857905435
10.91 0.00540194515295044
10.92 0.00538962784654751
10.93 0.00537734652909205
10.94 0.00536510107039946
10.95 0.0053528913408499
10.96 0.00534071721139134
10.97 0.00532857855353008
10.98 0.00534437206829108
10.99 0.00541856091374338
11 0.00540668466366377
11.01 0.00539484218505147
11.02 0.00538303335652089
11.03 0.00537125805722538
11.04 0.00535951616684958
11.05 0.00534780756561166
11.06 0.00533613213425673
11.07 0.00532448975405249
11.08 0.00531288030679248
11.09 0.00530130367478808
11.1 0.00528975974086814
11.11 0.00527824838837532
11.12 0.00526676950116389
11.13 0.00525532296359609
11.14 0.00524390866054259
11.15 0.00523252647737469
11.16 0.00522117629996709
11.17 0.00520985801469105
11.18 0.00519857150841347
11.19 0.00518731666849663
11.2 0.00517609338278999
11.21 0.00516490153963414
11.22 0.00515374102785149
11.23 0.00514261173675112
11.24 0.00513151355611978
11.25 0.00512044637622291
11.26 0.00510941008780299
11.27 0.005098404582073
11.28 0.00508742975071752
11.29 0.0050764854858884
11.3 0.00506557168020557
11.31 0.00505468822675043
11.32 0.00504383501906390
11.33 0.0050330119511487
11.34 0.00502221891746012
11.35 0.00501145581291124
11.36 0.00500072253286266
11.37 0.00499001897312647
11.38 0.00497934502996213
11.39 0.00496870060007059
11.4 0.00495808558059899
11.41 0.00494749986913125
11.42 0.00493694336369114
11.43 0.0049264159627369
11.44 0.00491591756516055
11.45 0.00490544807028449
11.46 0.00489500737786209
11.47 0.00488459538807
11.48 0.00487421200151335
11.49 0.00486385711921703
11.5 0.00485353064262569
11.51 0.0048432324736054
11.52 0.00483296251443389
11.53 0.00482272066780586
11.54 0.00481250683682764
11.55 0.00480232092501404
11.56 0.00479216283628809
11.57 0.00478203247497784
11.58 0.00477192974581626
11.59 0.00476185455393636
11.6 0.00475180680487122
11.61 0.00474178640455171
11.62 0.00473179325930311
11.63 0.00472182727584616
11.64 0.00471188836129007
11.65 0.0047019764231375
11.66 0.00469209136927531
11.67 0.00468223310797844
11.68 0.00467240154790238
11.69 0.00466259659808775
11.7 0.00465281816795384
11.71 0.00464306616729775
11.72 0.004633340506293
11.73 0.00462364109548685
11.74 0.00461396784579946
11.75 0.00460432066852013
11.76 0.00459469947531004
11.77 0.00458510417819356
11.78 0.00457553468956231
11.79 0.00456599092217139
11.8 0.00455647278913452
11.81 0.0045469802039279
11.82 0.0045375130803854
11.83 0.00452807133269539
11.84 0.00451865487540165
11.85 0.00450926362340062
11.86 0.00449989749193825
11.87 0.00449055639661105
11.88 0.00448124025336242
11.89 0.00447194897848244
11.9 0.00446268248860201
11.91 0.00445344070069918
11.92 0.00444422353208706
11.93 0.00443503090042261
11.94 0.00442586272369781
11.95 0.0044167189202396
11.96 0.00440759940871007
11.97 0.0043985041081039
11.98 0.00438943293774566
11.99 0.00438038581728803
12 0.00437136266671427
12.01 0.00436236340633128
12.02 0.00435338795677027
12.03 0.00434443623898667
12.04 0.00433550817425500
12.05 0.00432660368417081
12.06 0.0043177226906485
12.07 0.00430886511591573
12.08 0.00430003088252011
12.09 0.00429121991331698
12.1 0.00428243213147915
12.11 0.0042736674604868
12.12 0.00426492582412792
12.13 0.00425620714650149
12.14 0.00424751135200903
12.15 0.00423883836536014
12.16 0.00423018811156374
12.17 0.00422156051593229
12.18 0.00421295550407766
12.19 0.00420437300191250
12.2 0.00419581293564405
12.21 0.00418727523177559
12.22 0.00417875981710645
12.23 0.00417026661872802
12.24 0.00416179556402311
12.25 0.00415334658066592
12.26 0.00414491959661642
12.27 0.00413651454012577
12.28 0.00412813133972962
12.29 0.00411976992424738
12.3 0.00411143022278287
12.31 0.00410311216472198
12.32 0.00409481567973105
12.33 0.00408654069775522
12.34 0.00407828714901819
12.35 0.00407005496402082
12.36 0.00406184407353759
12.37 0.00405365440861943
12.38 0.00404548590058832
12.39 0.00403733848103763
12.4 0.00402921208183241
12.41 0.00402110663510629
12.42 0.0040130220732578
12.43 0.00400495832895605
12.44 0.00399691533513355
12.45 0.00398889302498493
12.46 0.00398089133196938
12.47 0.00397291018980714
12.48 0.00396494953247949
12.49 0.00395700929422508
12.5 0.00394908940954213
12.51 0.00394118981318245
12.52 0.00393331044015659
12.53 0.00392545122572708
12.54 0.00391761210541024
12.55 0.00390979301497357
12.56 0.00390199389043733
12.57 0.00389421466806757
12.58 0.00388645528438076
12.59 0.00387871567614194
12.6 0.00387099578035869
12.61 0.00386329553428630
12.62 0.00385561487542264
12.63 0.00384795374150792
12.64 0.00384031207052414
12.65 0.00383268980069353
12.66 0.00382508687047768
12.67 0.0038175032185764
12.68 0.00380993878392515
12.69 0.0038023935056984
12.7 0.00379486732330157
12.71 0.00378736017637604
12.72 0.00377987200479721
12.73 0.00377240274866777
12.74 0.00376495234832649
12.75 0.00375752074433590
12.76 0.00375010787749205
12.77 0.00374271368881394
12.78 0.00373533811955089
12.79 0.00372798111117413
12.8 0.00372064260538167
12.81 0.00371332254409341
12.82 0.00370602086945102
12.83 0.00369873752381878
12.84 0.00369147244977979
12.85 0.00368422559013815
12.86 0.00367699688791448
12.87 0.00366978628634705
12.88 0.0036625937288899
12.89 0.00365541915921253
12.9 0.00364826252119977
12.91 0.00364112375894926
12.92 0.0036340028167692
12.93 0.00362689963918124
12.94 0.00361981417091595
12.95 0.00361274635691546
12.96 0.00360569614232657
12.97 0.00359866347250844
12.98 0.00359164829302283
12.99 0.00358465054963902
13 0.00357767018832983
13.01 0.00357070715527429
13.02 0.00356376139685204
13.03 0.00355683285964525
13.04 0.00354992149043816
13.05 0.00354302723621343
13.06 0.00353615004415419
13.07 0.00352928986164234
13.08 0.00352244663625563
13.09 0.00351562031577090
13.1 0.00350881084815712
13.11 0.00350201818158244
13.12 0.00349524226440559
13.13 0.00348848304518003
13.14 0.00348174047265143
13.15 0.00347501449575497
13.16 0.00346830506361999
13.17 0.00346161212556179
13.18 0.00345493563108643
13.19 0.00344827552988942
13.2 0.0034416317718492
13.21 0.00343500430703518
13.22 0.0034283930856999
13.23 0.00342179805827979
13.24 0.00341521917539672
13.25 0.00340865638785628
13.26 0.00340210964664416
13.27 0.00339557890292957
13.28 0.0033890641080601
13.29 0.00338256521356522
13.3 0.00337608217115334
13.31 0.00336961493270864
13.32 0.003363163450297
13.33 0.00335672767615794
13.34 0.00335030756270687
13.35 0.00334390306253531
13.36 0.00333751412841039
13.37 0.00333114071326938
13.38 0.00332478277022646
13.39 0.00331844025256502
13.4 0.00331211311374151
13.41 0.00330580130738176
13.42 0.0032995047872807
13.43 0.00329322350740578
13.44 0.00328695742188986
13.45 0.00328070648503424
13.46 0.00327447065130669
13.47 0.00326824987534226
13.48 0.00326204411194102
13.49 0.00325585331606747
13.5 0.00324967744284873
13.51 0.00324351644757949
13.52 0.00323737028571305
13.53 0.00323123891286573
13.54 0.00322512228481547
13.55 0.00321902035749976
13.56 0.00321293308701887
13.57 0.00320686042962789
13.58 0.00320080234174281
13.59 0.00319475877993819
13.6 0.00318872970094249
13.61 0.00318271506164394
13.62 0.00317671481908513
13.63 0.00317072893046326
13.64 0.00316475735313079
13.65 0.00315880004459287
13.66 0.00315285696250895
13.67 0.00314692806468961
13.68 0.00314101330909767
13.69 0.00313511265384771
13.7 0.00312922605720311
13.71 0.00312335347758071
13.72 0.00311749487354157
13.73 0.00311165020379913
13.74 0.0031058194272121
13.75 0.00310000250278871
13.76 0.00309419938968192
13.77 0.00308841004719350
13.78 0.00308263443476655
13.79 0.00307687251199141
13.8 0.00307112423860425
13.81 0.00306538957447994
13.82 0.00305966847964171
13.83 0.00305396091425109
13.84 0.00304826683861398
13.85 0.00304258621317439
13.86 0.00303691899852076
13.87 0.00303126515537898
13.88 0.00302562464461409
13.89 0.00301999742723177
13.9 0.00301438346437328
13.91 0.00300878271731954
13.92 0.00300319514748858
13.93 0.00299762071643241
13.94 0.00299205938584267
13.95 0.00298651111754254
13.96 0.00298097587349289
13.97 0.00297545361578632
13.98 0.00296994430665067
13.99 0.00296444790844722
14 0.00295896438366704
14.01 0.00295349369493661
14.02 0.00294803580501169
14.03 0.00294259067677791
14.04 0.00293715827325482
14.05 0.0029877854303864
14.06 0.00298239560012202
14.07 0.00297701847001061
14.08 0.00297165400310812
14.09 0.00296630216260245
14.1 0.00296096291180830
14.11 0.00295563621416784
14.12 0.00295032203325353
14.13 0.00294502033276173
14.14 0.00293973107651654
14.15 0.00293445422846873
14.16 0.00292918975269262
14.17 0.00292393761338986
14.18 0.00291869777488385
14.19 0.00291347020162479
14.2 0.00290825485818305
14.21 0.00290305170925494
14.22 0.00289786071965624
14.23 0.00289268185432685
14.24 0.00288751507832707
14.25 0.0028573293023722
14.26 0.00285221265835991
14.27 0.00284710790391442
14.28 0.00284201500491144
14.29 0.00283693392734338
14.3 0.00283186463732123
14.31 0.00282680710107004
14.32 0.00282176128493365
14.33 0.00281672715537129
14.34 0.00275540134553342
14.35 0.00275047789082936
14.36 0.00274556604700032
14.37 0.00274066577997252
14.38 0.00273577705579193
14.39 0.00273089984062131
14.4 0.00272603410074371
14.41 0.00272117980255824
14.42 0.00271633691258141
14.43 0.00271150539744773
14.44 0.0027066852239055
14.45 0.00270187635882138
14.46 0.00269707876917650
14.47 0.00269229242206590
14.48 0.00268751728469976
14.49 0.00268275332440214
14.5 0.00267800050861038
14.51 0.00267325880487582
14.52 0.00266852818085933
14.53 0.00266380860433788
14.54 0.00265910004319751
14.55 0.00265440246543578
14.56 0.00264971583916128
14.57 0.00264504013259271
14.58 0.00264037531405973
14.59 0.00263572135199926
14.6 0.00263107821495836
14.61 0.00262644587159303
14.62 0.00262182429066673
14.63 0.00261721344105024
14.64 0.00261261329172283
14.65 0.00260802381176922
14.66 0.00260344497038213
14.67 0.00259887673685763
14.68 0.00259431908059906
14.69 0.00258977197111494
14.7 0.00258523537801889
14.71 0.00258070927102617
14.72 0.00257619361995889
14.73 0.00257168839474121
14.74 0.00256719356540071
14.75 0.00256270910206748
14.76 0.00255823497497258
14.77 0.0025537711544509
14.78 0.00254931761093723
14.79 0.00254487431496728
14.8 0.00254044123717952
14.81 0.00253601834831013
14.82 0.00253160561919521
14.83 0.00252720302077209
14.84 0.00252281052407513
14.85 0.00250825835605974
14.86 0.0025038853499386
14.87 0.00249952238727396
14.88 0.00249516943943915
14.89 0.00249082647790507
14.9 0.00248649347423855
14.91 0.00248217040010281
14.92 0.00247785722725724
14.93 0.00247355392755480
14.94 0.00246926047294669
14.95 0.00246497683547661
14.96 0.00246070298728349
14.97 0.00245643890059900
14.98 0.00245218454774985
14.99 0.00244793990115636
15 0.00244370493332986
