"x" "y"
-0.2 -0.165213801322580
-0.199 -0.164310063121851
-0.198 -0.163407101918079
-0.197 -0.162504917807315
-0.196 -0.161603510895436
-0.195 -0.160702881297476
-0.194 -0.159803029136959
-0.193 -0.158903954545281
-0.192 -0.158005657661098
-0.191 -0.157108138629748
-0.19 -0.156211397602695
-0.189 -0.155315434736981
-0.188 -0.154420250194724
-0.187 -0.153525844142617
-0.186 -0.152632216751442
-0.185 -0.15173936819563
-0.184 -0.150847298652806
-0.183 -0.149956008303374
-0.182 -0.149065497330108
-0.181 -0.148175765917771
-0.18 -0.147286814252725
-0.179 -0.146398642522588
-0.178 -0.145511250915885
-0.177 -0.144624639621713
-0.176 -0.143738808829426
-0.175 -0.142853758728333
-0.174 -0.141969489507409
-0.173 -0.141086001355009
-0.172 -0.140203294458603
-0.171 -0.139321369004521
-0.17 -0.138440225177706
-0.169 -0.137559863161477
-0.168 -0.136680283137305
-0.167 -0.135801485284597
-0.166 -0.134923469780492
-0.165 -0.13404623679966
-0.164 -0.133169786514116
-0.163 -0.132294119093037
-0.162 -0.131419234702589
-0.161 -0.130545133505768
-0.16 -0.129671815662241
-0.159 -0.128799281328191
-0.158 -0.127927530656184
-0.157 -0.127056563795020
-0.156 -0.126186380889616
-0.155 -0.125316982080878
-0.154 -0.124448367505581
-0.153 -0.123580537296264
-0.152 -0.122713491581114
-0.151 -0.121847230483881
-0.15 -0.120981754123769
-0.149 -0.120117062615351
-0.148 -0.119253156068487
-0.147 -0.118390034588236
-0.146 -0.117527698274793
-0.145 -0.116666147223403
-0.144 -0.115805381524301
-0.143 -0.114945401262646
-0.142 -0.114086206518469
-0.141 -0.113227797366611
-0.14 -0.112370173876664
-0.139 -0.111513336112936
-0.138 -0.110657284134406
-0.137 -0.109802017994666
-0.136 -0.108947537741900
-0.135 -0.108093843418838
-0.134 -0.107240935062728
-0.133 -0.106388812705306
-0.132 -0.105537476372762
-0.131 -0.104686926085726
-0.13 -0.103837161859242
-0.129 -0.102988183702743
-0.128 -0.102139991620041
-0.127 -0.101292585609303
-0.126 -0.100445965663051
-0.125 -0.0996001317681419
-0.124 -0.0987550839057598
-0.123 -0.0979108220514093
-0.122 -0.0970673461749127
-0.121 -0.096224656240405
-0.12 -0.0953827522063326
-0.119 -0.094541634025457
-0.118 -0.0937013016448449
-0.117 -0.0928617550058886
-0.116 -0.0920229940442945
-0.115 -0.0911850186901022
-0.114 -0.090347828867682
-0.113 -0.0895114244957487
-0.112 -0.0886758054873753
-0.111 -0.0878409717499915
-0.11 -0.087006923185414
-0.109 -0.0861736596898415
-0.108 -0.0853411811538844
-0.107 -0.0845094874625714
-0.106 -0.0836785784953729
-0.105 -0.0828484541262053
-0.104 -0.0820191142234679
-0.103 -0.0811905586500474
-0.102 -0.0803627872633452
-0.101 -0.0795357999152948
-0.1 -0.07870959645239
-0.099 -0.0778841767156955
-0.098 -0.0770595405408812
-0.097 -0.0763098422920896
-0.096 -0.0754858145982675
-0.095 -0.0746625751524519
-0.094 -0.073840123718488
-0.093 -0.0730184600556871
-0.092 -0.0721975839188405
-0.091 -0.0713774950582309
-0.09 -0.0705581932196537
-0.089 -0.0697396781444422
-0.088 -0.0689219495694622
-0.087 -0.0681050072271483
-0.086 -0.0672888508455145
-0.085 -0.0664734801481797
-0.084 -0.0656588948543786
-0.083 -0.0648450946789914
-0.082 -0.0640320793325495
-0.081 -0.0632198485212729
-0.08 -0.062408401947085
-0.079 -0.061597739307627
-0.078 -0.0607878602962888
-0.077 -0.0599787646022292
-0.076 -0.0591704519104015
-0.075 -0.0583629219015664
-0.074 -0.057556174252329
-0.073 -0.0567502086351466
-0.072 -0.0559450247183713
-0.071 -0.0551406221662614
-0.07 -0.0543370006390109
-0.069 -0.0535341597927621
-0.068 -0.0527320992796563
-0.067 -0.0519308187478345
-0.066 -0.0511303178414746
-0.065 -0.050330596200816
-0.064 -0.049531653462175
-0.063 -0.0487334892579909
-0.062 -0.0479361032168333
-0.061 -0.0471394949634383
-0.06 -0.0463436641187318
-0.059 -0.0455486102998512
-0.058 -0.0447543331201850
-0.057 -0.0439608321893874
-0.056 -0.0431681071134067
-0.055 -0.0423761574945187
-0.054 -0.0415849829313446
-0.053 -0.0407945830188927
-0.052 -0.0400049573485606
-0.051 -0.0392161055081863
-0.05 -0.0384280270820678
-0.049 -0.0376407216509866
-0.048 -0.0368541887922285
-0.047 -0.0360684280796288
-0.046 -0.0352834390835981
-0.045 -0.0344992213711164
-0.044 -0.0337157745058123
-0.043 -0.0329330980479443
-0.042 -0.0321511915544574
-0.041 -0.031370054578995
-0.04 -0.0305896866719317
-0.039 -0.029810087380405
-0.038 -0.0290312562483246
-0.037 -0.0282531928164311
-0.036 -0.0274758966222866
-0.035 -0.0266993672003277
-0.034 -0.0259236040818847
-0.033 -0.0251486067952049
-0.032 -0.0243743748654857
-0.031 -0.0236009078148958
-0.03 -0.0228282051625985
-0.029 -0.0220562664247952
-0.028 -0.0212850911147378
-0.027 -0.0205146787427566
-0.026 -0.0197450288162910
-0.025 -0.0189761408398983
-0.024 -0.0182080143153271
-0.023 -0.0174406487414793
-0.022 -0.0166740436144859
-0.021 -0.0159081984277112
-0.02 -0.0151431126717880
-0.019 -0.0143787858346283
-0.018 -0.0136152174014725
-0.017 -0.0128524068548872
-0.016 -0.0120903536748278
-0.015 -0.011329057338612
-0.014 -0.0105685173209897
-0.013 -0.00980873309416008
-0.012 -0.00904970412777395
-0.011 -0.00829142988901133
-0.01 -0.00753390984249691
-0.009 -0.00677714345047997
-0.008 -0.00602113017273265
-0.007 -0.00526586946660945
-0.006 -0.00451136078710679
-0.005 -0.00375760358687849
-0.004 -0.00300459731616654
-0.003 -0.00225234142298092
-0.002 -0.00150083535297041
-0.001 -0.000750078549680566
0 0
0.001 0.000749189494586133
0.002 0.00149770185961007
0.003 0.00224546720658925
0.004 0.00299248610284453
0.005 0.00373875911819344
0.006 0.00448428682428625
0.007 0.00522906979498927
0.008 0.0059731086061996
0.009 0.00671640383587357
0.01 0.00745895606391533
0.011 0.00820076587225138
0.012 0.00894183384478087
0.013 0.00968216056736004
0.014 0.0104217466277348
0.015 0.0111605926155351
0.016 0.0118986991223489
0.017 0.0126360667415151
0.018 0.0133726960683234
0.019 0.0141085876997620
0.02 0.0148437422347039
0.021 0.0155781602737388
0.022 0.0163118424192401
0.023 0.0170447892752996
0.024 0.0177770014477190
0.025 0.0185084795439896
0.026 0.0192392241732717
0.027 0.0199692359463857
0.028 0.0206985154757615
0.029 0.0214270633754561
0.03 0.0221548802611133
0.031 0.0228819667499542
0.032 0.0236083234607243
0.033 0.0243339510137224
0.034 0.0250588500307605
0.035 0.0257830211351311
0.036 0.0265064649516038
0.037 0.0272291821064208
0.038 0.0279511732272457
0.039 0.0286724389431461
0.04 0.0293929798846211
0.041 0.0301127966835195
0.042 0.0308318899730802
0.043 0.0315502603878648
0.044 0.0322679085637896
0.045 0.0329848351380368
0.046 0.0337010407491225
0.047 0.0344165260368192
0.048 0.0351312916421542
0.049 0.0358453382073924
0.05 0.0365586663760276
0.051 0.0372712767927581
0.052 0.0379831701034674
0.053 0.0386943469552041
0.054 0.0394048079961835
0.055 0.0401145538757515
0.056 0.0408235852443743
0.057 0.0415319027536301
0.058 0.0422395070561792
0.059 0.0429463988057615
0.06 0.0436525786571593
0.061 0.0443580472662162
0.062 0.0450628052897879
0.063 0.0457668533857416
0.064 0.0464701922129462
0.065 0.04717282243123
0.066 0.0478747447014118
0.067 0.0485759596852393
0.068 0.0492764680453996
0.069 0.0499762704454985
0.07 0.0506753675500473
0.071 0.0513737600244406
0.072 0.0520714485349503
0.073 0.0527684337487133
0.074 0.0534647163337052
0.075 0.0541602969587389
0.076 0.054855176293434
0.077 0.0555493550082216
0.078 0.0562428337743279
0.079 0.0569356132637404
0.08 0.0576276941492169
0.081 0.0583190771042625
0.082 0.0590097628031163
0.083 0.0596997519207392
0.084 0.0603890451328
0.085 0.0610776431156568
0.086 0.0617655465463622
0.087 0.0624527561026222
0.088 0.0631392724628141
0.089 0.063825096305949
0.09 0.0645102283116685
0.091 0.0651946691602325
0.092 0.0658784195325097
0.093 0.0665614801099634
0.094 0.0672438515746308
0.095 0.067925534609123
0.096 0.0686065298966092
0.097 0.069286838120794
0.098 0.0699664599659293
0.099 0.0706453961167766
0.1 0.0713236472586094
0.101 0.072001214077198
0.102 0.0726780972588097
0.103 0.0733542974901678
0.104 0.0740298154584793
0.105 0.0747046518513859
0.106 0.0753788073569854
0.107 0.0760522826637913
0.108 0.0767250784607496
0.109 0.0773971954372072
0.11 0.0780686342829124
0.111 0.0787393956879976
0.112 0.0794094803429708
0.113 0.0800788889387132
0.114 0.08074762216645
0.115 0.081415680717766
0.116 0.0820830652845652
0.117 0.0827497765590861
0.118 0.0834158152338813
0.119 0.0840811820018104
0.12 0.0847458775560144
0.121 0.08540990258994
0.122 0.0860732577972922
0.123 0.086735943872049
0.124 0.0873979615084428
0.125 0.0880593114009556
0.126 0.0887199942442969
0.127 0.0893800107334228
0.128 0.0900393615634876
0.129 0.0906980474298651
0.13 0.0913560690281292
0.131 0.0920134270540416
0.132 0.0926701222035509
0.133 0.093326155172774
0.134 0.0939815266579962
0.135 0.0946362373556564
0.136 0.0952902879623454
0.137 0.0959436791747845
0.138 0.0965964116898324
0.139 0.0972484862044656
0.14 0.0978999034157746
0.141 0.0985506640209586
0.142 0.0992007687173073
0.143 0.099850218202203
0.144 0.100499013173109
0.145 0.101147154327563
0.146 0.10179464236316
0.147 0.10244147797756
0.148 0.103087661868463
0.149 0.103733194733624
0.15 0.104378077270820
0.151 0.105022310177857
0.152 0.105665894152559
0.153 0.106308829892767
0.154 0.106951118096316
0.155 0.107592759461043
0.156 0.108233754684777
0.157 0.108874104465321
0.158 0.109513809500460
0.159 0.110152870487939
0.16 0.11079128812547
0.161 0.111429063110719
0.162 0.112066196141296
0.163 0.112702687914746
0.164 0.113338539128558
0.165 0.113973750480140
0.166 0.114608322666820
0.167 0.115242256385844
0.168 0.115875552334358
0.169 0.116508211209412
0.17 0.117140233707953
0.171 0.117771620526806
0.172 0.118402372362684
0.173 0.119032489912176
0.174 0.119661973871732
0.175 0.120290824937676
0.176 0.120919043806178
0.177 0.121546631173261
0.178 0.122173587734795
0.179 0.122799914186486
0.18 0.123425611223877
0.181 0.124050679542329
0.182 0.124675119837033
0.183 0.125298932802988
0.184 0.125922119135010
0.185 0.126544679527712
0.186 0.127166614675512
0.187 0.127787925272616
0.188 0.128408612013018
0.189 0.129028675590496
0.19 0.129648116698607
0.191 0.130266936030672
0.192 0.130885134279787
0.193 0.131502712138801
0.194 0.132119670300325
0.195 0.132736009456718
0.196 0.133351730300083
0.197 0.133966833522271
0.198 0.134581319814856
0.199 0.135195189869156
0.2 0.135808444376205
0.201 0.136421084026766
0.202 0.137033109511311
0.203 0.137644521520030
0.204 0.138255320742813
0.205 0.138865507869257
0.206 0.139475083588658
0.207 0.140084048589999
0.208 0.140692403561957
0.209 0.141300149192892
0.21 0.141907286170840
0.211 0.142513815183516
0.212 0.143119736918303
0.213 0.143725052062255
0.214 0.144329761302084
0.215 0.144933865324158
0.216 0.145537364814508
0.217 0.146140260458806
0.218 0.146742552942372
0.219 0.147344242950168
0.22 0.147945331166794
0.221 0.148545818276482
0.222 0.149145704963096
0.223 0.149744991910123
0.224 0.150343679800673
0.225 0.150941769317474
0.226 0.151539261142868
0.227 0.152136155958809
0.228 0.152732454446852
0.229 0.153328157288161
0.23 0.153923265163498
0.231 0.154517778753219
0.232 0.155111698737276
0.233 0.155705025795202
0.234 0.156297760606120
0.235 0.156889903848739
0.236 0.157481456201338
0.237 0.158072418341773
0.238 0.158662790947477
0.239 0.159252574695445
0.24 0.159841770262235
0.241 0.160430378323973
0.242 0.161018399556339
0.243 0.161605834634575
0.244 0.162192684233460
0.245 0.162778949027338
0.246 0.163364629690088
0.247 0.163949726895137
0.248 0.164534241315451
0.249 0.165118173623525
0.25 0.165701524491401
0.251 0.16628429459064
0.252 0.166866484592339
0.253 0.167448095167113
0.254 0.168029126985103
0.255 0.168609580715967
0.256 0.169189457028881
0.257 0.169768756592537
0.258 0.170347480075131
0.259 0.170925628144373
0.26 0.171503201467473
0.261 0.172080200711153
0.262 0.172656626541624
0.263 0.173232479624605
0.264 0.173807760625300
0.265 0.174382470208414
0.266 0.174956609038138
0.267 0.175530177778151
0.268 0.176103177091614
0.269 0.176675607641178
0.27 0.177247470088969
0.271 0.177818765096592
0.272 0.178389493325124
0.273 0.178959655435124
0.274 0.179529252086611
0.275 0.180098283939080
0.276 0.180666751651492
0.277 0.181234655882268
0.278 0.181801997289294
0.279 0.182368776529916
0.28 0.182934994260935
0.281 0.183500651138611
0.282 0.184065747818655
0.283 0.184630284956230
0.284 0.185194263205947
0.285 0.185757683221869
0.286 0.186320545657499
0.287 0.186882851165784
0.288 0.187444600399115
0.289 0.188005794009317
0.29 0.188566432647663
0.291 0.189126516964850
0.292 0.189686047611013
0.293 0.190245025235725
0.294 0.190803450487977
0.295 0.191361324016198
0.296 0.191918646468241
0.297 0.192475418491384
0.298 0.193031640732324
0.299 0.193587313837184
0.3 0.194142438451502
0.301 0.194697015220241
0.302 0.195251044787776
0.303 0.195804527797895
0.304 0.196357464893802
0.305 0.19690985671811
0.306 0.197461703912845
0.307 0.198013007119438
0.308 0.198563766978729
0.309 0.199113984130963
0.31 0.199663659215788
0.311 0.200212792872255
0.312 0.200761385738817
0.313 0.201309438453323
0.314 0.201856951653022
0.315 0.202403925974562
0.316 0.202950362053983
0.317 0.203496260526720
0.318 0.204041622027601
0.319 0.204586447190845
0.32 0.205130736650061
0.321 0.205674491038244
0.322 0.206217710987782
0.323 0.206760397130443
0.324 0.207302550097387
0.325 0.207844170519152
0.326 0.208385259025658
0.327 0.208925816246210
0.328 0.209465842809493
0.329 0.210005339343567
0.33 0.210544306475875
0.331 0.211082744833231
0.332 0.211620655041830
0.333 0.212158037727241
0.334 0.212694893514404
0.335 0.213231223027629
0.336 0.213767026890606
0.337 0.214302305726386
0.338 0.214837060157395
0.339 0.215371290805429
0.34 0.215904998291647
0.341 0.216438183236573
0.342 0.216970846260103
0.343 0.217502987981492
0.344 0.218034609019363
0.345 0.2185657099917
0.346 0.219096291515846
0.347 0.219626354208509
0.348 0.220155898685755
0.349 0.220684925563012
0.35 0.221213435455064
0.351 0.221741428976054
0.352 0.222268906739481
0.353 0.222795869358199
0.354 0.223322317444421
0.355 0.223848251609713
0.356 0.224373672464993
0.357 0.224898580620533
0.358 0.225422976685959
0.359 0.225946861270249
0.36 0.226470234981728
0.361 0.226993098428077
0.362 0.227515452216321
0.363 0.228037296952839
0.364 0.228558633243353
0.365 0.229079461692941
0.366 0.22959978290602
0.367 0.230119597486357
0.368 0.230638906037064
0.369 0.231157709160599
0.37 0.231676007458767
0.371 0.232193801532714
0.372 0.232711091982930
0.373 0.233227879409249
0.374 0.233744164410849
0.375 0.234259947586248
0.376 0.234775229533307
0.377 0.235290010849227
0.378 0.235804292130553
0.379 0.236318073973163
0.38 0.236831356972282
0.381 0.237344141722474
0.382 0.237856428817636
0.383 0.238368218851011
0.384 0.238879512415173
0.385 0.23939031010204
0.386 0.239900612502862
0.387 0.240410420208229
0.388 0.240919733808069
0.389 0.241428553891641
0.39 0.241936881047546
0.391 0.242444715863716
0.392 0.242952058927421
0.393 0.243458910825263
0.394 0.243965272143182
0.395 0.244471143466452
0.396 0.244976525379676
0.397 0.245481418466798
0.398 0.245985823311091
0.399 0.246489740495161
0.4 0.246993170600948
0.401 0.247496114209728
0.402 0.247998571902102
0.403 0.248500544258011
0.404 0.249002031856726
0.405 0.249503035276846
0.406 0.250003555096305
0.407 0.250503591892366
0.408 0.25100314624163
0.409 0.251502218720023
0.41 0.252000809902801
0.411 0.252498920364555
0.412 0.252996550679206
0.413 0.253493701420003
0.414 0.253990373159527
0.415 0.25448656646969
0.416 0.254982281921735
0.417 0.255477520086234
0.418 0.255972281533086
0.419 0.256466566831527
0.42 0.256960376550115
0.421 0.257453711256745
0.422 0.257946571518635
0.423 0.258438957902341
0.424 0.258930870973739
0.425 0.259422311298043
0.426 0.259913279439791
0.427 0.260403775962855
0.428 0.260893801430433
0.429 0.261383356405053
0.43 0.261872441448576
0.431 0.262361057122189
0.432 0.262849203986409
0.433 0.263336882601085
0.434 0.263824093525393
0.435 0.264310837317841
0.436 0.264797114536264
0.437 0.265282925737829
0.438 0.265768271479032
0.439 0.266253152315699
0.44 0.266737568802988
0.441 0.267221521495384
0.442 0.267705010946702
0.443 0.268188037710089
0.444 0.268670602338025
0.445 0.269152705382314
0.446 0.269634347394097
0.447 0.270115528923839
0.448 0.270596250521343
0.449 0.271076512735737
0.45 0.271556316115483
0.451 0.272035661208378
0.452 0.272514548561539
0.453 0.272992978721425
0.454 0.273470952233824
0.455 0.273948469643854
0.456 0.274425531495968
0.457 0.274902138333946
0.458 0.275378290700906
0.459 0.275853989139298
0.46 0.276329234190899
0.461 0.276804026396825
0.462 0.277278366297524
0.463 0.277752254432776
0.464 0.278225691341693
0.465 0.278698677562727
0.466 0.279171213633656
0.467 0.279643300091601
0.468 0.280114937473007
0.469 0.280586126313663
0.47 0.28105686714869
0.471 0.281527160512542
0.472 0.281997006939013
0.473 0.282466406961227
0.474 0.282935361111649
0.475 0.283403869922077
0.476 0.28387193392365
0.477 0.284339553646836
0.478 0.284806729621451
0.479 0.285273462376639
0.48 0.285739752440886
0.481 0.286205600342017
0.482 0.286671006607191
0.483 0.287135971762911
0.484 0.287600496335015
0.485 0.288064580848684
0.486 0.288528225828434
0.487 0.288991431798125
0.488 0.289454199280955
0.489 0.289916528799463
0.49 0.290378420875533
0.491 0.290839876030383
0.492 0.291300894784575
0.493 0.29176147765802
0.494 0.292221625169963
0.495 0.292681337838992
0.496 0.293140616183045
0.497 0.293599460719398
0.498 0.294057871964671
0.499 0.294515850434834
0.5 0.294973396645191
0.501 0.2954305111104
0.502 0.295887194344463
0.503 0.296343446860722
0.504 0.296799269171876
0.505 0.297254661789959
0.506 0.29770962522636
0.507 0.298164159991812
0.508 0.298618266596396
0.509 0.299071945549541
0.51 0.299525197360030
0.511 0.299978022535986
0.512 0.300430421584889
0.513 0.300882395013563
0.514 0.301333943328189
0.515 0.301785067034295
0.516 0.302235766636760
0.517 0.302686042639815
0.518 0.303135895547043
0.519 0.303585325861382
0.52 0.304034334085122
0.521 0.304482920719904
0.522 0.304931086266726
0.523 0.305378831225939
0.524 0.305826156097249
0.525 0.306273061379718
0.526 0.306719547571766
0.527 0.307165615171162
0.528 0.307611264675042
0.529 0.308056496579892
0.53 0.308501311381557
0.531 0.308945709575243
0.532 0.309389691655511
0.533 0.309833258116287
0.534 0.310276409450848
0.535 0.310719146151841
0.536 0.311161468711267
0.537 0.311603377620492
0.538 0.312044873370239
0.539 0.312485956450602
0.54 0.312926627351025
0.541 0.31336688656033
0.542 0.31380673456669
0.543 0.314246171857652
0.544 0.314685198920121
0.545 0.315123816240372
0.546 0.315562024304043
0.547 0.315999823596140
0.548 0.316437214601034
0.549 0.316874197802471
0.55 0.317310773683553
0.551 0.317746942726759
0.552 0.318182705413935
0.553 0.318618062226299
0.554 0.319053013644434
0.555 0.319487560148298
0.556 0.319921702217218
0.557 0.320355440329897
0.558 0.320788774964406
0.559 0.321221706598189
0.56 0.321654235708069
0.561 0.322086362770236
0.562 0.32251808826026
0.563 0.322949412653082
0.564 0.323380336423023
0.565 0.32381086004378
0.566 0.324240983988423
0.567 0.324670708729403
0.568 0.32510003473855
0.569 0.325528962487069
0.57 0.325957492445545
0.571 0.326385625083948
0.572 0.326813360871622
0.573 0.327240700277297
0.574 0.327667643769079
0.575 0.328094191814464
0.576 0.328520344880322
0.577 0.328946103432915
0.578 0.329371467937882
0.579 0.329796438860249
0.58 0.33022101666443
0.581 0.330645201814222
0.582 0.331068994772807
0.583 0.331492396002758
0.584 0.331915405966031
0.585 0.332338025123977
0.586 0.332760253937327
0.587 0.333182092866209
0.588 0.333603542370135
0.589 0.334024602908014
0.59 0.334445274938140
0.591 0.334865558918205
0.592 0.335285455305287
0.593 0.335704964555862
0.594 0.3361240871258
0.595 0.336542823470359
0.596 0.336961174044201
0.597 0.337379139301377
0.598 0.337796719695336
0.599 0.338213915678926
0.6 0.338630727704389
0.601 0.339047156223366
0.602 0.3394632016869
0.603 0.33987886454543
0.604 0.340294145248794
0.605 0.340709044246236
0.606 0.341123561986396
0.607 0.341537698917316
0.608 0.341951455486445
0.609 0.342364832140632
0.61 0.342777829326129
0.611 0.343190447488595
0.612 0.343602687073093
0.613 0.34401454852409
0.614 0.344426032285461
0.615 0.344837138800492
0.616 0.345247868511869
0.617 0.34565822186169
0.618 0.346068199291462
0.619 0.346477801242105
0.62 0.346887028153941
0.621 0.347295880466712
0.622 0.347704358619565
0.623 0.348112463051063
0.624 0.34852019419918
0.625 0.348927552501304
0.626 0.349334538394237
0.627 0.349741152314198
0.628 0.350147394696818
0.629 0.350553265977145
0.63 0.350958766589646
0.631 0.351363896968205
0.632 0.351768657546121
0.633 0.352173048756117
0.634 0.35257707103033
0.635 0.352980724800321
0.636 0.353384010497069
0.637 0.353786928550978
0.638 0.35418947939187
0.639 0.354591663448994
0.64 0.354993481151019
0.641 0.35539493292604
0.642 0.355796019201574
0.643 0.35619674040457
0.644 0.356597096961395
0.645 0.356997089297849
0.646 0.357396717839156
0.647 0.357795983009969
0.648 0.358194885234369
0.649 0.358593424935870
0.65 0.358991602537413
0.651 0.359389418461368
0.652 0.359786873129542
0.653 0.36018396696317
0.654 0.36058070038292
0.655 0.360977073808895
0.656 0.361373087660632
0.657 0.361768742357103
0.658 0.362164038316716
0.659 0.362558975957312
0.66 0.362953555696172
0.661 0.363347777950014
0.662 0.363741643134993
0.663 0.364135151666707
0.664 0.364528303960188
0.665 0.364921100429910
0.666 0.365313541489792
0.667 0.36570562755319
0.668 0.366097359032903
0.669 0.366488736341174
0.67 0.366879759889692
0.671 0.367270430089585
0.672 0.36766074735143
0.673 0.368050712085248
0.674 0.368440324700508
0.675 0.368829585606127
0.676 0.369218495210465
0.677 0.369607053921336
0.678 0.369995262145998
0.679 0.370383120291164
0.68 0.370770628762993
0.681 0.371157787967099
0.682 0.371544598308544
0.683 0.371931060191847
0.684 0.372317174020976
0.685 0.372702940199356
0.686 0.373088359129865
0.687 0.373473431214838
0.688 0.373858156856063
0.689 0.374242536454787
0.69 0.374626570411714
0.691 0.375010259127008
0.692 0.375393603000285
0.693 0.37577660243063
0.694 0.37615925781658
0.695 0.376541569556136
0.696 0.376923538046764
0.697 0.377305163685384
0.698 0.377686446868386
0.699 0.378067387991621
0.7 0.378447987450403
0.701 0.378828245639513
0.702 0.379208162953196
0.703 0.379587739785167
0.704 0.379966976528602
0.705 0.380345873576145
0.706 0.380724431319918
0.707 0.381102650151502
0.708 0.381480530461948
0.709 0.381858072641784
0.71 0.382235277081002
0.711 0.382612144169072
0.712 0.382988674294933
0.713 0.383364867846998
0.714 0.383740725213150
0.715 0.384116246780754
0.716 0.384491432936644
0.717 0.384866284067133
0.718 0.385240800558011
0.719 0.385614982794542
0.72 0.38598883116147
0.721 0.386362346043018
0.722 0.386735527822889
0.723 0.387108376884264
0.724 0.387480893609805
0.725 0.387853078381658
0.726 0.388224931581446
0.727 0.388596453590281
0.728 0.388967644788755
0.729 0.38933850555694
0.73 0.389709036274402
0.731 0.390079237320186
0.732 0.390449109072825
0.733 0.390818651910338
0.734 0.391187866210235
0.735 0.391556752349508
0.736 0.391925310704642
0.737 0.392293541651613
0.738 0.392661445565883
0.739 0.393029022822409
0.74 0.393396273795636
0.741 0.393763198859504
0.742 0.394129798387445
0.743 0.394496072752387
0.744 0.394862022326746
0.745 0.395227647482442
0.746 0.395592948590882
0.747 0.395957926022975
0.748 0.396322580149126
0.749 0.396686911339236
0.75 0.397050919962708
0.751 0.397414606388439
0.752 0.39777797098483
0.753 0.398141014119781
0.754 0.398503736160694
0.755 0.39886613747447
0.756 0.399228218427518
0.757 0.399589979385744
0.758 0.399951420714563
0.759 0.40031254277889
0.76 0.400673345943148
0.761 0.401033830571268
0.762 0.40139399702668
0.763 0.401753845672332
0.764 0.40211337687067
0.765 0.402472590983654
0.766 0.402831488372754
0.767 0.403190069398946
0.768 0.403548334422719
0.769 0.403906283804073
0.77 0.404263917902521
0.771 0.404621237077084
0.772 0.404978241686306
0.773 0.405334932088234
0.774 0.405691308640437
0.775 0.406047371699997
0.776 0.406403121623510
0.777 0.406758558767093
0.778 0.407113683486374
0.779 0.407468496136508
0.78 0.407822997072162
0.781 0.408177186647524
0.782 0.4085310652163
0.783 0.408884633131723
0.784 0.409237890746538
0.785 0.40959083841302
0.786 0.409943476482963
0.787 0.410295805307687
0.788 0.410647825238034
0.789 0.410999536624368
0.79 0.411350939816585
0.791 0.411702035164098
0.792 0.412052823015859
0.793 0.412403303720336
0.794 0.41275347762553
0.795 0.413103345078969
0.796 0.413452906427713
0.797 0.413802162018349
0.798 0.414151112196997
0.799 0.414499757309306
0.8 0.414848097700461
0.801 0.415196133715173
0.802 0.415543865697694
0.803 0.415891293991803
0.804 0.416238418940819
0.805 0.41658524088759
0.806 0.416931760174510
0.807 0.417277977143499
0.808 0.417623892136019
0.809 0.417969505493072
0.81 0.418314817555194
0.811 0.418659828662463
0.812 0.419004539154497
0.813 0.419348949370451
0.814 0.419693059649027
0.815 0.420036870328463
0.816 0.420380381746545
0.817 0.420723594240597
0.818 0.421066508147488
0.819 0.421409123803635
0.82 0.421751441544996
0.821 0.422093461707076
0.822 0.422435184624927
0.823 0.422776610633147
0.824 0.423117740065882
0.825 0.423458573256827
0.826 0.423799110539225
0.827 0.424139352245868
0.828 0.424479298709102
0.829 0.424818950260816
0.83 0.425158307232461
0.831 0.425497369955031
0.832 0.425836138759079
0.833 0.426174613974706
0.834 0.426512795931572
0.835 0.426850684958888
0.836 0.427188281385426
0.837 0.427525585539505
0.838 0.427862597749009
0.839 0.428199318341375
0.84 0.4285357476436
0.841 0.428871885982236
0.842 0.429207733683397
0.843 0.429543291072758
0.844 0.429878558475552
0.845 0.430213536216574
0.846 0.430548224620182
0.847 0.430882624010294
0.848 0.43121673471039
0.849 0.431550557043519
0.85 0.43188409133229
0.851 0.432217337898877
0.852 0.43255029706502
0.853 0.432882969152026
0.854 0.433215354480769
0.855 0.433547453371689
0.856 0.433879266144793
0.857 0.43421079311966
0.858 0.434542034615436
0.859 0.434872990950838
0.86 0.435203662444152
0.861 0.435534049413239
0.862 0.435864152175525
0.863 0.436193971048014
0.864 0.436523506347281
0.865 0.436852758389474
0.866 0.437181727490318
0.867 0.43751041396511
0.868 0.437838818128723
0.869 0.438166940295608
0.87 0.438494780779791
0.871 0.438822339894876
0.872 0.439149617954042
0.873 0.439476615270054
0.874 0.439803332155247
0.875 0.440129768921542
0.876 0.440455925880439
0.877 0.440781803343020
0.878 0.441107401619946
0.879 0.44143272102146
0.88 0.441757761857392
0.881 0.442082524437152
0.882 0.442407009069735
0.883 0.442731216063723
0.884 0.443055145727277
0.885 0.443378798368149
0.886 0.443702174293681
0.887 0.444025273810793
0.888 0.444348097225999
0.889 0.444670644845399
0.89 0.444992916974683
0.891 0.445314913919131
0.892 0.445636635983612
0.893 0.445958083472587
0.894 0.446279256690105
0.895 0.446600155939812
0.896 0.446920781524944
0.897 0.447241133748329
0.898 0.447561212912389
0.899 0.447881019319143
0.9 0.448200553270204
0.901 0.448519815066777
0.902 0.448838805009668
0.903 0.449157523399277
0.904 0.449475970535603
0.905 0.449794146718240
0.906 0.450112052246384
0.907 0.450429687418828
0.908 0.450747052533966
0.909 0.45106414788979
0.91 0.451380973783893
0.911 0.451697530513476
0.912 0.452013818375334
0.913 0.452329837665866
0.914 0.452645588681079
0.915 0.452961071716577
0.916 0.453276287067577
0.917 0.453591235028891
0.918 0.453905915894944
0.919 0.454220329959765
0.92 0.454534477516989
0.921 0.454848358859858
0.922 0.455161974281227
0.923 0.455475324073548
0.924 0.455788408528895
0.925 0.456101227938945
0.926 0.456413782594984
0.927 0.456726072787912
0.928 0.457038098808241
0.929 0.45734986094609
0.93 0.457661359491198
0.931 0.457972594732909
0.932 0.458283566960188
0.933 0.458594276461608
0.934 0.458904723525361
0.935 0.459214908439254
0.936 0.459524831490707
0.937 0.459834492966761
0.938 0.460143893154069
0.939 0.460453032338907
0.94 0.460761910807165
0.941 0.461070528844354
0.942 0.461378886735604
0.943 0.461686984765664
0.944 0.461994823218907
0.945 0.46230240237932
0.946 0.462609722530519
0.947 0.462916783955739
0.948 0.463223586937837
0.949 0.463530131759295
0.95 0.463836418702218
0.951 0.464142448048335
0.952 0.464448220079002
0.953 0.464753735075198
0.954 0.465058993317532
0.955 0.465363995086233
0.956 0.465668740661163
0.957 0.465973230321811
0.958 0.466277464347293
0.959 0.466581443016354
0.96 0.466885166607367
0.961 0.467188635398341
0.962 0.467491849666908
0.963 0.467794809690335
0.964 0.468097515745522
0.965 0.468399968108996
0.966 0.468702167056923
0.967 0.469004112865099
0.968 0.469305805808953
0.969 0.469607246163551
0.97 0.469908434203592
0.971 0.470209370203409
0.972 0.470510054436978
0.973 0.470810487177904
0.974 0.47111066869943
0.975 0.471410599274442
0.976 0.471710279175461
0.977 0.472009708674642
0.978 0.472308888043788
0.979 0.472607817554336
0.98 0.472906497477366
0.981 0.473204928083597
0.982 0.473503109643389
0.983 0.473801042426749
0.984 0.47409872670332
0.985 0.474396162742394
0.986 0.474693350812899
0.987 0.474990291183414
0.988 0.475286984122163
0.989 0.475583429897009
0.99 0.475879628775465
0.991 0.476175581024688
0.992 0.476471286911487
0.993 0.476766746702311
0.994 0.477061960663264
0.995 0.47735692906009
0.996 0.47765165215819
0.997 0.47794613022261
0.998 0.478240363518049
0.999 0.478534352308852
1 0.478828096859018
1.01 0.481752166956827
1.02 0.48465210081794
1.03 0.487528156763488
1.04 0.490380589737784
1.05 0.493209651358694
1.06 0.496015589967274
1.07 0.498798650676675
1.08 0.501559075420338
1.09 0.50429710299947
1.1 0.507012969129803
1.11 0.509706906487655
1.12 0.512379144755288
1.13 0.515029910665581
1.14 0.517659428046012
1.15 0.520267917861957
1.16 0.522855598259335
1.17 0.525422684606572
1.18 0.527969389535924
1.19 0.530495922984139
1.2 0.533002492232491
1.21 0.535489301946169
1.22 0.537956554213064
1.23 0.540404448581914
1.24 0.542833182099859
1.25 0.545242949349396
1.26 0.547633942484738
1.27 0.550006351267589
1.28 0.552360363102355
1.29 0.55469616307078
1.3 0.557013933966027
1.31 0.559313856326213
1.32 0.561596108467397
1.33 0.563860866516044
1.34 0.566108304440954
1.35 0.568338594084682
1.36 0.570551905194452
1.37 0.572748405452557
1.38 0.574928260506282
1.39 0.577091633997337
1.4 0.579238687590801
1.41 0.581369581003622
1.42 0.583484472032628
1.43 0.585583516582107
1.44 0.587666868690919
1.45 0.589734680559184
1.46 0.591787102574537
1.47 0.594376270345586
1.48 0.596416001422412
1.49 0.598441094414802
1.5 0.60045169453279
1.51 0.602447945240602
1.52 0.604429988280116
1.53 0.605735404479553
1.54 0.607669912460245
1.55 0.609590306641176
1.56 0.611496720638788
1.57 0.613389286519236
1.58 0.615268134819993
1.59 0.61713339457109
1.6 0.618985193316041
1.61 0.62082365713239
1.62 0.62264891065198
1.63 0.624461077080852
1.64 0.626260278218863
1.65 0.628046634478966
1.66 0.629820264906197
1.67 0.631581287196354
1.68 0.633329817714382
1.69 0.635065971512464
1.7 0.636789862347833
1.71 0.638501602700282
1.72 0.640201303789435
1.73 0.6418890755917
1.74 0.643565026856997
1.75 0.645229265125187
1.76 0.646881896742271
1.77 0.648523026876328
1.78 0.650152759533189
1.79 0.651771197571885
1.8 0.653378442719846
1.81 0.654974595587863
1.82 0.656559755684819
1.83 0.658134021432193
1.84 0.659697490178336
1.85 0.661250258212533
1.86 0.662792420778834
1.87 0.66432407208969
1.88 0.66584530533937
1.89 0.667356212717167
1.9 0.668856885420421
1.91 0.670347413667309
1.92 0.671827886709485
1.93 0.673298392844486
1.94 0.674759019427972
1.95 0.676209852885782
1.96 0.677650978725786
1.97 0.679082481549591
1.98 0.680504445064041
1.99 0.68191695209256
2 0.68332008458631
2.01 0.684713923635215
2.02 0.686098549478777
2.03 0.687474041516752
2.04 0.68884047831968
2.05 0.690197937639234
2.06 0.691546496418427
2.07 0.69288623080167
2.08 0.694217216144678
2.09 0.695539527024232
2.1 0.696853237247796
2.11 0.69815841986299
2.12 0.699455147166932
2.13 0.700743490715443
2.14 0.702023521332102
2.15 0.703295309117198
2.16 0.704558923456521
2.17 0.705814433030053
2.18 0.707061905820511
2.19 0.708301409121786
2.2 0.709533009547247
2.21 0.710756773037928
2.22 0.711972764870613
2.23 0.713181049665778
2.24 0.714381691395444
2.25 0.71557475339091
2.26 0.716760298350373
2.27 0.71793838834644
2.28 0.719109084833548
2.29 0.720272448655262
2.3 0.721428540051472
2.31 0.722577418665503
2.32 0.723719143551112
2.33 0.724853773179401
2.34 0.725981365445612
2.35 0.72710197767585
2.36 0.728215666633703
2.37 0.729322488526766
2.38 0.730422499013087
2.39 0.731515753207514
2.4 0.732602305687964
2.41 0.73368221050159
2.42 0.734755521170885
2.43 0.73582229069969
2.44 0.73688257157912
2.45 0.737936415793417
2.46 0.738983874825713
2.47 0.74002499966373
2.48 0.741059840805387
2.49 0.742088448264347
2.5 0.743110871575476
2.51 0.744127159800237
2.52 0.745137361532015
2.53 0.746141524901362
2.54 0.747139697581177
2.55 0.748131926791817
2.56 0.749118259306148
2.57 0.750098741454511
2.58 0.751073419129645
2.59 0.752042337791528
2.6 0.75300554247216
2.61 0.753963077780296
2.62 0.754914987906088
2.63 0.7558613166257
2.64 0.756802107305845
2.65 0.757737402908263
2.66 0.758667245994143
2.67 0.759591678728499
2.68 0.760510742884469
2.69 0.761424479847578
2.7 0.762332930619942
2.71 0.763236135824405
2.72 0.764134135708643
2.73 0.7650269701492
2.74 0.765914678655489
2.75 0.766797300373721
2.76 0.76767487409081
2.77 0.768547438238204
2.78 0.769415030895687
2.79 0.77027768979512
2.8 0.77113545232415
2.81 0.771988355529853
2.82 0.772836436122355
2.83 0.773679730478383
2.84 0.774518274644797
2.85 0.775352104342054
2.86 0.776181254967656
2.87 0.777005761599531
2.88 0.777825658999384
2.89 0.778640981616012
2.9 0.779451763588561
2.91 0.780258038749769
2.92 0.781059840629148
2.93 0.78185720245613
2.94 0.782650157163191
2.95 0.783438737388912
2.96 0.784222975481034
2.97 0.785002903499445
2.98 0.785778553219155
2.99 0.786549956133215
3 0.787317143455628
3.01 0.788080146124196
3.02 0.788838994803353
3.03 0.789593719886954
3.04 0.790344351501041
3.05 0.791090919506564
3.06 0.791833453502081
3.07 0.792571982826417
3.08 0.793306536561303
3.09 0.79403714353397
3.1 0.794763832319721
3.11 0.79548663124448
3.12 0.79620556838729
3.13 0.796920671582812
3.14 0.79763196842376
3.15 0.798339486263341
3.16 0.799043252217646
3.17 0.799743293168016
3.18 0.80043963576339
3.19 0.80113230642262
3.2 0.801821331336755
3.21 0.802506736471308
3.22 0.803188547568486
3.23 0.803866790149419
3.24 0.804541489516317
3.25 0.805212670754663
3.26 0.805880358735324
3.27 0.806544578116682
3.28 0.807205353346709
3.29 0.807862708665044
3.3 0.808516668105027
3.31 0.80916725549572
3.32 0.809814494463909
3.33 0.810458408436072
3.34 0.811099020640331
3.35 0.811736354108388
3.36 0.812370431677431
3.37 0.813001275992021
3.38 0.813628909505962
3.39 0.814253354484139
3.4 0.814874633004361
3.41 0.815492766959149
3.42 0.816107778057529
3.43 0.816719687826804
3.44 0.817328517614294
3.45 0.817934288589063
3.46 0.818537021743636
3.47 0.819136737895683
3.48 0.819733457689688
3.49 0.820327201598618
3.5 0.82091798992554
3.51 0.821505842805248
3.52 0.822090780205873
3.53 0.82267282193045
3.54 0.823251987618491
3.55 0.823828296747542
3.56 0.824401768634704
3.57 0.824972422438159
3.58 0.825540277158666
3.59 0.826105351641042
3.6 0.826667664575642
3.61 0.827227234499798
3.62 0.827784079799266
3.63 0.828338218709645
3.64 0.828889669317781
3.65 0.829438449563167
3.66 0.829984577239316
3.67 0.830528069995116
3.68 0.831068945336197
3.69 0.83160722062625
3.7 0.832142913088347
3.71 0.832676039806263
3.72 0.833206617725752
3.73 0.833734663655834
3.74 0.834260194270065
3.75 0.834783226107777
3.76 0.835303775575332
3.77 0.83582185894734
3.78 0.836337492367877
3.79 0.836850691851686
3.8 0.837361473285364
3.81 0.837869852428539
3.82 0.838375844915041
3.83 0.83887946625405
3.84 0.839380731831229
3.85 0.839879656909868
3.86 0.840376256631995
3.87 0.840870546019478
3.88 0.841362539975124
3.89 0.841852253283767
3.9 0.842339700613329
3.91 0.84282489651589
3.92 0.843307855428739
3.93 0.843788591675413
3.94 0.84426711946672
3.95 0.844743452901773
3.96 0.845217605968978
3.97 0.845689592547058
3.98 0.846159426406015
3.99 0.84662712120813
4 0.847092690508922
4.01 0.8475561477581
4.02 0.848017506300534
4.03 0.84847677937717
4.04 0.848933980125975
4.05 0.849389121582857
4.06 0.849842216682574
4.07 0.850293278259633
4.08 0.850742319049195
4.09 0.851189351687945
4.1 0.851634388714984
4.11 0.852077442572684
4.12 0.852518525607548
4.13 0.852957650071072
4.14 0.853394828120569
4.15 0.853830071820018
4.16 0.85426339314088
4.17 0.85469480396292
4.18 0.85512431607501
4.19 0.855551941175939
4.2 0.855977690875197
4.21 0.856401576693768
4.22 0.856823610064906
4.23 0.857243802334898
4.24 0.857662164763838
4.25 0.858078708526371
4.26 0.858493444712452
4.27 0.858906384328075
4.28 0.859317538296017
4.29 0.859726917456554
4.3 0.860134532568186
4.31 0.860540394308352
4.32 0.860944513274126
4.33 0.861346899982924
4.34 0.86174756487319
4.35 0.862146518305083
4.36 0.862543770561155
4.37 0.862939331847026
4.38 0.863333212292041
4.39 0.863725421949937
4.4 0.864115970799492
4.41 0.86450486874517
4.42 0.864892125617766
4.43 0.865277751175032
4.44 0.865661755102314
4.45 0.866044147013166
4.46 0.866424936449967
4.47 0.86680413288454
4.48 0.867181745718742
4.49 0.86755778428507
4.5 0.867932257847259
4.51 0.86830517560086
4.52 0.86867654667382
4.53 0.869046380127068
4.54 0.869414684955083
4.55 0.869781470086449
4.56 0.870146744384423
4.57 0.870510516647493
4.58 0.87087279560992
4.59 0.871233589942287
4.6 0.87159290825203
4.61 0.871950759083983
4.62 0.872307150920896
4.63 0.872662092183971
4.64 0.873015591233369
4.65 0.873367656368728
4.66 0.873718295829677
4.67 0.874067517796334
4.68 0.874415330389808
4.69 0.874761741672698
4.7 0.875106759649576
4.71 0.875450392267477
4.72 0.875792647416383
4.73 0.876133532929693
4.74 0.876473056584702
4.75 0.876811226103066
4.76 0.877148049151264
4.77 0.87748353334106
4.78 0.877817686229962
4.79 0.878150515321659
4.8 0.878482028066485
4.81 0.878812231861852
4.82 0.879141134052685
4.83 0.879468741931869
4.84 0.879795062740667
4.85 0.880120103669152
4.86 0.88044387185663
4.87 0.88076637439206
4.88 0.881087618314456
4.89 0.881407610613326
4.9 0.881726358229044
4.91 0.882043868053283
4.92 0.882360146929396
4.93 0.882675201652826
4.94 0.88298903897148
4.95 0.883301665586146
4.96 0.883613088150848
4.97 0.883923313273246
4.98 0.884232347515012
4.99 0.884540197392202
5 0.884846869375632
5.01 0.885152369891233
5.02 0.885456705320438
5.03 0.885759882000522
5.04 0.886061906224975
5.05 0.886362784243846
5.06 0.886662522264107
5.07 0.886961126449989
5.08 0.887258602923336
5.09 0.887554957763943
5.1 0.887850197009896
5.11 0.888144326657915
5.12 0.888437352663673
5.13 0.888729280942138
5.14 0.889020117367897
5.15 0.889309867775479
5.16 0.889598537959676
5.17 0.889886133675865
5.18 0.89017266064032
5.19 0.890458124530521
5.2 0.890742530985479
5.21 0.891025885606024
5.22 0.891308193955122
5.23 0.891589461558173
5.24 0.891869693903314
5.25 0.892148896441705
5.26 0.89242707458783
5.27 0.892704233719797
5.28 0.892980379179608
5.29 0.893255516273456
5.3 0.893529650272006
5.31 0.893802786410681
5.32 0.894074929889934
5.33 0.894346085875522
5.34 0.894616259498791
5.35 0.894885455856933
5.36 0.895153680013264
5.37 0.89542093699749
5.38 0.895687231805965
5.39 0.89595256940196
5.4 0.896216954715918
5.41 0.89648039264571
5.42 0.896742888056896
5.43 0.89700444578297
5.44 0.897265070625616
5.45 0.897524767354951
5.46 0.89778354070978
5.47 0.898041395397828
5.48 0.898298336095993
5.49 0.898554367450576
5.5 0.898809494077528
5.51 0.899063720562673
5.52 0.899317051461956
5.53 0.899569491301667
5.54 0.899821044578663
5.55 0.900071715760615
5.56 0.90032150928621
5.57 0.900570429565392
5.58 0.900818480979579
5.59 0.90106566788187
5.6 0.901311994597293
5.61 0.90155746542298
5.62 0.901802084628418
5.63 0.902045856455636
5.64 0.902288785119434
5.65 0.90253087480757
5.66 0.902772129680993
5.67 0.90301255387402
5.68 0.903252151494563
5.69 0.903490926624313
5.7 0.90372888331895
5.71 0.903966025608336
5.72 0.904202357496718
5.73 0.904437882962911
5.74 0.904672605960498
5.75 0.904906530418023
5.76 0.905139660239178
5.77 0.90537199930299
5.78 0.905603551464004
5.79 0.90583432055248
5.8 0.906064310374562
5.81 0.906293524712471
5.82 0.906521967324674
5.83 0.906749641946072
5.84 0.906976552288173
5.85 0.907202702039268
5.86 0.907428094864606
5.87 0.907652734406561
5.88 0.907876624284814
5.89 0.908099768096512
5.9 0.908322169416443
5.91 0.908543831797197
5.92 0.90876475876934
5.93 0.908984953841566
5.94 0.909204420500872
5.95 0.909423162212712
5.96 0.909641182421154
5.97 0.909858484549050
5.98 0.910075071998182
5.99 0.910290948149422
6 0.910506116362888
6.01 0.910720579978093
6.02 0.910934342314103
6.03 0.911147406669683
6.04 0.911359776323449
6.05 0.911571454534015
6.06 0.911782444540136
6.07 0.911992749560865
6.08 0.912202372795685
6.09 0.912411317424661
6.1 0.912619586608575
6.11 0.912827183489076
6.12 0.91303411118881
6.13 0.913240372811563
6.14 0.913445971442405
6.15 0.913650910147811
6.16 0.913855191975811
6.17 0.914058819956117
6.18 0.914261797100258
6.19 0.914464126401708
6.2 0.914665810836023
6.21 0.914866853360966
6.22 0.915067256916634
6.23 0.915267024425596
6.24 0.915466158793007
6.25 0.915664662906738
6.26 0.915862539637508
6.27 0.916059791838988
6.28 0.916256422347947
6.29 0.916452433984361
6.3 0.916647829551528
6.31 0.916842611836202
6.32 0.917036783608697
6.33 0.917230347623015
6.34 0.91742330661696
6.35 0.917615663312245
6.36 0.917807420414624
6.37 0.917998580613985
6.38 0.918189146584482
6.39 0.918379120984634
6.4 0.918568506457437
6.41 0.918757305630482
6.42 0.91894552111606
6.43 0.919133155511263
6.44 0.919320211398102
6.45 0.919506691343612
6.46 0.919692597899946
6.47 0.919877933604502
6.48 0.92006270098
6.49 0.920246902534609
6.5 0.92043054076203
6.51 0.920613618141619
6.52 0.920796137138461
6.53 0.920978100203495
6.54 0.921159509773595
6.55 0.921340368271679
6.56 0.9215206781068
6.57 0.921700441674251
6.58 0.921879661355648
6.59 0.922058339519034
6.6 0.922236478518976
6.61 0.922414080696651
6.62 0.922591148379941
6.63 0.922767683883527
6.64 0.922943689508983
6.65 0.923119167544859
6.66 0.923294120266775
6.67 0.923468549937517
6.68 0.923642458807108
6.69 0.923815849112918
6.7 0.923988723079733
6.71 0.924161082919849
6.72 0.924332930833157
6.73 0.92450426900723
6.74 0.924675099617406
6.75 0.924845424826866
6.76 0.925015246786728
6.77 0.92518456763612
6.78 0.925353389502268
6.79 0.925521714500569
6.8 0.925689544734683
6.81 0.925856882296605
6.82 0.926023729266744
6.83 0.926190087714006
6.84 0.926355959695867
6.85 0.926521347258453
6.86 0.926686252436622
6.87 0.926850677254024
6.88 0.9270146237232
6.89 0.927178093845634
6.9 0.92734108961184
6.91 0.92750361300144
6.92 0.927665665983222
6.93 0.927827250515225
6.94 0.92798836854481
6.95 0.928149022008724
6.96 0.928309212833176
6.97 0.928468942933914
6.98 0.928628214216282
6.99 0.928787028575297
7 0.928945387895715
7.01 0.929103294052105
7.02 0.929260748908907
7.03 0.929417754320511
7.04 0.92957431213131
7.05 0.92973042417578
7.06 0.929886092278533
7.07 0.930041318254393
7.08 0.930196103908453
7.09 0.930350451036148
7.1 0.930504361423306
7.11 0.93065783684622
7.12 0.93081087907171
7.13 0.930963489857185
7.14 0.9311156709507
7.15 0.931267424091025
7.16 0.931418751007698
7.17 0.931569653421094
7.18 0.931720133042476
7.19 0.931870191574061
7.2 0.932019830709076
7.21 0.932169052131814
7.22 0.932317857517704
7.23 0.932466248533347
7.24 0.932614226836598
7.25 0.932761794076602
7.26 0.932908951893864
7.27 0.933055701920299
7.28 0.933202045779288
7.29 0.933347985085737
7.3 0.933493521446122
7.31 0.933638656458556
7.32 0.933783391712834
7.33 0.933927728790487
7.34 0.934071669264836
7.35 0.934215214701053
7.36 0.934358366656201
7.37 0.93450112667929
7.38 0.934643496311327
7.39 0.934785477085377
7.4 0.934927070526597
7.41 0.935068278152302
7.42 0.935209101472007
7.43 0.935349541987476
7.44 0.93548960119277
7.45 0.935629280574311
7.46 0.935768581610902
7.47 0.935907505773804
7.48 0.936046054526765
7.49 0.936184229326077
7.5 0.936322031620617
7.51 0.936459462851897
7.52 0.936596524454112
7.53 0.936733217854182
7.54 0.9368695444718
7.55 0.937005505719476
7.56 0.937141103002584
7.57 0.937276337719404
7.58 0.93741121126117
7.59 0.93754572501211
7.6 0.937679880349492
7.61 0.93781367864367
7.62 0.937947121258117
7.63 0.938080209549484
7.64 0.938212944867627
7.65 0.938345328555654
7.66 0.938477361949974
7.67 0.938609046380328
7.68 0.938740383169838
7.69 0.938871373635043
7.7 0.939002019085942
7.71 0.939132320826031
7.72 0.939262280152352
7.73 0.939391898355523
7.74 0.939521176719778
7.75 0.939650116523012
7.76 0.939778719036818
7.77 0.939906985526524
7.78 0.94003491725123
7.79 0.940162515463851
7.8 0.940289781411147
7.81 0.94041671633377
7.82 0.940543321466294
7.83 0.940669598037256
7.84 0.94079554726919
7.85 0.940921170378662
7.86 0.94104646857631
7.87 0.941171443066888
7.88 0.941296095049275
7.89 0.94142042571654
7.9 0.941544436255961
7.91 0.941668127849063
7.92 0.941791501671655
7.93 0.941914558893862
7.94 0.94203730068016
7.95 0.942159728189406
7.96 0.942281842574883
7.97 0.942403644984321
7.98 0.942525136559932
7.99 0.942646318438454
8 0.94276719175117
8.01 0.942887757623946
8.02 0.943008017177269
8.03 0.943127971526265
8.04 0.943247621780744
8.05 0.94336696904523
8.06 0.943486014418983
8.07 0.943604758996043
8.08 0.943723203865246
8.09 0.943841350110272
8.1 0.943959198809658
8.11 0.944076751036844
8.12 0.944194007860192
8.13 0.94431097034302
8.14 0.944427639543634
8.15 0.94454401651535
8.16 0.944660102306534
8.17 0.944775897960617
8.18 0.94489140451614
8.19 0.945006623006773
8.2 0.94512155446134
8.21 0.945236199903854
8.22 0.945350560353548
8.23 0.945464636824894
8.24 0.945578430327636
8.25 0.945691941866812
8.26 0.945805172442793
8.27 0.945918123051297
8.28 0.94603079468342
8.29 0.946143188325672
8.3 0.946255304959987
8.31 0.946367145563763
8.32 0.946478711109881
8.33 0.946590002566736
8.34 0.946701020898255
8.35 0.94681176706393
8.36 0.946922242018844
8.37 0.947032446713692
8.38 0.9471423820948
8.39 0.94725204910417
8.4 0.947361448679482
8.41 0.94747058175413
8.42 0.94757944925725
8.43 0.947688052113741
8.44 0.947796391244275
8.45 0.947904467565346
8.46 0.948012281989276
8.47 0.948119835424245
8.48 0.94822712877431
8.49 0.94833416293944
8.5 0.948440938815517
8.51 0.948547457294388
8.52 0.94865371926386
8.53 0.948759725607742
8.54 0.94886547720586
8.55 0.948970974934078
8.56 0.949076219664323
8.57 0.949181212264607
8.58 0.949285953599047
8.59 0.949390444527888
8.6 0.949494685907526
8.61 0.949598678590528
8.62 0.949702423425651
8.63 0.949805921257873
8.64 0.949909172928393
8.65 0.95001217927468
8.66 0.950114941130472
8.67 0.950217459325803
8.68 0.950319734687032
8.69 0.950421768036845
8.7 0.950523560194295
8.71 0.95062511197481
8.72 0.950726424190217
8.73 0.950827497648759
8.74 0.950928333155118
8.75 0.951028931510435
8.76 0.951129293512325
8.77 0.951229419954903
8.78 0.951329311628792
8.79 0.95142896932116
8.8 0.951528393815717
8.81 0.951627585892752
8.82 0.951726546329145
8.83 0.951825275898381
8.84 0.951923775370578
8.85 0.952022045512493
8.86 0.952120087087554
8.87 0.952217900855874
8.88 0.952315487574253
8.89 0.952412847996222
8.9 0.952509982872045
8.91 0.952606892948736
8.92 0.952703578970083
8.93 0.952800041676663
8.94 0.952896281805856
8.95 0.95299230009187
8.96 0.953088097265745
8.97 0.953183674055388
8.98 0.95327903118557
8.99 0.95337416937796
9 0.953469089351132
9.01 0.95356379182058
9.02 0.953658277498743
9.03 0.953752547095014
9.04 0.953846601315761
9.05 0.953940440864335
9.06 0.9540340664411
9.07 0.954127478743434
9.08 0.954220678465752
9.09 0.954313666299528
9.1 0.954406442933294
9.11 0.954499009052671
9.12 0.954591365340377
9.13 0.954683512476243
9.14 0.954775451137234
9.15 0.954867181997453
9.16 0.954958705728164
9.17 0.955050022997808
9.18 0.95514113447201
9.19 0.9552320408136
9.2 0.955322742682633
9.21 0.955413240736388
9.22 0.955503535629395
9.23 0.955593628013445
9.24 0.955683518537606
9.25 0.955773207848236
9.26 0.955862696588996
9.27 0.955951985400866
9.28 0.956041074922156
9.29 0.956129965788526
9.3 0.956218658632992
9.31 0.956307154085947
9.32 0.956395452775164
9.33 0.956483555325828
9.34 0.956571462360523
9.35 0.956659174499274
9.36 0.956746692359535
9.37 0.956834016556225
9.38 0.956921147701716
9.39 0.957008086405873
9.4 0.957094833276046
9.41 0.95718138891709
9.42 0.95726775393138
9.43 0.95735392891882
9.44 0.95743991447686
9.45 0.957525711200506
9.46 0.957611319682331
9.47 0.957696740512485
9.48 0.957781974278717
9.49 0.957867021566378
9.5 0.957951882958437
9.51 0.958036559035493
9.52 0.958121050375783
9.53 0.95820535755520
9.54 0.958289481147306
9.55 0.958373421723334
9.56 0.958457179852204
9.57 0.958540756100544
9.58 0.958624151032687
9.59 0.958707365210691
9.6 0.958790399194353
9.61 0.95887325354121
9.62 0.958955928806557
9.63 0.959038425543464
9.64 0.959120744302773
9.65 0.95920288563312
9.66 0.95928485008094
9.67 0.95936663819049
9.68 0.959448250503838
9.69 0.959529687560894
9.7 0.959610949899413
9.71 0.959692038055003
9.72 0.959772952561141
9.73 0.959853693949177
9.74 0.959934262748356
9.75 0.960014659485814
9.76 0.960094884686598
9.77 0.960174938873672
9.78 0.960254822567934
9.79 0.960334536288215
9.8 0.960414080551297
9.81 0.960493455871925
9.82 0.960572662762808
9.83 0.960651701734636
9.84 0.960730573296094
9.85 0.960809277953854
9.86 0.960887816212605
9.87 0.960966188575056
9.88 0.961044395541938
9.89 0.961122437612026
9.9 0.961200315282136
9.91 0.961278029047143
9.92 0.961355579399992
9.93 0.9614329668317
9.94 0.961510191831368
9.95 0.96158725488619
9.96 0.961664156481473
9.97 0.961740897100624
9.98 0.961817477225178
9.99 0.9618938973348
10 0.961970157907293
10.01 0.962046259418612
10.02 0.962122202342869
10.03 0.962197987152337
10.04 0.96227361431747
10.05 0.962349084306906
10.06 0.96242439758747
10.07 0.962499554624192
10.08 0.962574555880315
10.09 0.962649401817295
10.1 0.962724092894819
10.11 0.962798629570802
10.12 0.962873012301413
10.13 0.962947241541068
10.14 0.96302131774244
10.15 0.963095241356477
10.16 0.963169012832399
10.17 0.963242632617713
10.18 0.96331610115822
10.19 0.963389418898022
10.2 0.963462586279525
10.21 0.96353560374346
10.22 0.963608471728879
10.23 0.963681190673164
10.24 0.963753761012047
10.25 0.963826183179597
10.26 0.96389845760825
10.27 0.963970584728797
10.28 0.964042564970407
10.29 0.964114398760624
10.3 0.964186086525383
10.31 0.96425762868901
10.32 0.964329025674239
10.33 0.9644002779022
10.34 0.964471385792455
10.35 0.964542349762981
10.36 0.964613170230193
10.37 0.964683847608933
10.38 0.964754382312504
10.39 0.96482477475265
10.4 0.964895025339583
10.41 0.964965134481978
10.42 0.965035102586988
10.43 0.965104930060245
10.44 0.96517461730587
10.45 0.965244164726479
10.46 0.965313572723193
10.47 0.96538284169564
10.48 0.965451972041964
10.49 0.965520964158834
10.5 0.965589818441447
10.51 0.965658535283537
10.52 0.965727115077383
10.53 0.96579555821381
10.54 0.965863865082202
10.55 0.965932036070507
10.56 0.96600007156524
10.57 0.966067971951493
10.58 0.966135737612944
10.59 0.966203368931854
10.6 0.966270866289085
10.61 0.966338230064096
10.62 0.966405460634959
10.63 0.966472558378356
10.64 0.966539523669594
10.65 0.966606356882603
10.66 0.966673058389948
10.67 0.966739628562834
10.68 0.96680606777111
10.69 0.96687237638328
10.7 0.966938554766499
10.71 0.967004603286592
10.72 0.96707052230805
10.73 0.967136312194044
10.74 0.96720197330642
10.75 0.967267506005714
10.76 0.96733291065116
10.77 0.967398187600687
10.78 0.967463337210928
10.79 0.96752835983723
10.8 0.967593255833653
10.81 0.96765802555298
10.82 0.967722669346726
10.83 0.967787187565135
10.84 0.967851580557192
10.85 0.967915848670625
10.86 0.967979992251916
10.87 0.9680440116463
10.88 0.968107907197773
10.89 0.9681716792491
10.9 0.968235328141817
10.91 0.968298854216238
10.92 0.968362257811461
10.93 0.96842553926537
10.94 0.968488698914646
10.95 0.968551737094768
10.96 0.968614654140014
10.97 0.968677450383484
10.98 0.968740126157078
10.99 0.968802681791528
11 0.968865117616384
11.01 0.968927433960031
11.02 0.968989631149686
11.03 0.969051709511408
11.04 0.9691136693701
11.05 0.969175511049522
11.06 0.96923723487228
11.07 0.969298841159845
11.08 0.969360330232558
11.09 0.969421702409622
11.1 0.96948295800912
11.11 0.969544097348018
11.12 0.96960512074216
11.13 0.969666028506285
11.14 0.969726820954029
11.15 0.969787498397919
11.16 0.969848061149393
11.17 0.969908509518797
11.18 0.969968843815388
11.19 0.970029064347347
11.2 0.970089171421769
11.21 0.970149165344685
11.22 0.970209046421053
11.23 0.970268814954772
11.24 0.970328471248677
11.25 0.970388015604554
11.26 0.970447448323136
11.27 0.970506769704112
11.28 0.970565980046133
11.29 0.970625079646807
11.3 0.970684068802716
11.31 0.970742947809413
11.32 0.970801716961427
11.33 0.97086037655227
11.34 0.970918926874439
11.35 0.970977368219417
11.36 0.97103570087769
11.37 0.971093925138733
11.38 0.971152041291028
11.39 0.971210049622066
11.4 0.971267950418346
11.41 0.971325743965382
11.42 0.97138343054771
11.43 0.971441010448885
11.44 0.971498483951495
11.45 0.971555851337158
11.46 0.971613112886527
11.47 0.971670268879295
11.48 0.9717273195942
11.49 0.971784265309021
11.5 0.971841106300602
11.51 0.971897842844832
11.52 0.971954475216667
11.53 0.97201100369012
11.54 0.972067428538274
11.55 0.972123750033288
11.56 0.97217996844639
11.57 0.97223608404789
11.58 0.972292097107184
11.59 0.97234800789275
11.6 0.972403816672158
11.61 0.972459523712073
11.62 0.972515129278261
11.63 0.972570633635585
11.64 0.972626037048018
11.65 0.97268133977864
11.66 0.97273654208964
11.67 0.972791644242336
11.68 0.97284664649715
11.69 0.972901549113643
11.7 0.972956352350496
11.71 0.973011056465519
11.72 0.973065661715661
11.73 0.97312016835701
11.74 0.973174576644794
11.75 0.973228886833386
11.76 0.973283099176308
11.77 0.973337213926233
11.78 0.973391231334994
11.79 0.97344515165358
11.8 0.973498975132145
11.81 0.973552702020002
11.82 0.973606332565646
11.83 0.973659867016737
11.84 0.973713305620107
11.85 0.973766648621777
11.86 0.973819896266945
11.87 0.9738730488
11.88 0.973926106464515
11.89 0.97397906950326
11.9 0.974031938158197
11.91 0.974084712670494
11.92 0.974137393280516
11.93 0.974189980227833
11.94 0.97424247375123
11.95 0.974294874088702
11.96 0.974347181477455
11.97 0.974399396153917
11.98 0.97445151835374
11.99 0.974503548311795
12 0.974555486262187
12.01 0.97460733243825
12.02 0.974659087072547
12.03 0.97471075039689
12.04 0.974762322642321
12.05 0.974813804039126
12.06 0.974865194816844
12.07 0.974916495204256
12.08 0.9749677054294
12.09 0.97501882571957
12.1 0.97506985630131
12.11 0.975120797400439
12.12 0.975171649242029
12.13 0.975222412050422
12.14 0.975273086049233
12.15 0.97532367146135
12.16 0.975374168508928
12.17 0.975424577413413
12.18 0.975474898395527
12.19 0.975525131675274
12.2 0.97557527747195
12.21 0.975625336004136
12.22 0.975675307489713
12.23 0.975725192145847
12.24 0.975774990189015
12.25 0.975824701834987
12.26 0.975874327298837
12.27 0.97592386679495
12.28 0.975973320537016
12.29 0.976022688738042
12.3 0.976071971610344
12.31 0.976121169365559
12.32 0.976170282214645
12.33 0.976219310367882
12.34 0.976268254034874
12.35 0.976317113424556
12.36 0.976365888745188
12.37 0.97641458020437
12.38 0.976463188009036
12.39 0.976511712365459
12.4 0.976560153479248
12.41 0.976608511555364
12.42 0.976656786798107
12.43 0.976704979411132
12.44 0.97675308959744
12.45 0.97680111755939
12.46 0.976849063498693
12.47 0.976896927616423
12.48 0.976944710113015
12.49 0.976992411188263
12.5 0.977040031041335
12.51 0.97708756987076
12.52 0.977135027874443
12.53 0.977182405249664
12.54 0.977229702193071
12.55 0.9772769189007
12.56 0.977324055567963
12.57 0.977371112389652
12.58 0.977418089559953
12.59 0.977464987272434
12.6 0.977511805720052
12.61 0.977558545095163
12.62 0.977605205589509
12.63 0.977651787394237
12.64 0.977698290699893
12.65 0.977744715696419
12.66 0.977791062573166
12.67 0.97783733151889
12.68 0.977883522721755
12.69 0.97792963636934
12.7 0.977975672648631
12.71 0.978021631746032
12.72 0.978067513847367
12.73 0.978113319137879
12.74 0.978159047802227
12.75 0.978204700024503
12.76 0.97825027598822
12.77 0.978295775876322
12.78 0.978341199871185
12.79 0.97838654815461
12.8 0.978431820907845
12.81 0.978477018311566
12.82 0.978522140545891
12.83 0.978567187790383
12.84 0.978612160224043
12.85 0.97865705802532
12.86 0.978701881372112
12.87 0.978746630441765
12.88 0.978791305411078
12.89 0.978835906456303
12.9 0.97888043375315
12.91 0.978924887476782
12.92 0.978969267801828
12.93 0.97901357490238
12.94 0.979057808951985
12.95 0.979101970123664
12.96 0.979146058589906
12.97 0.979190074522664
12.98 0.979234018093372
12.99 0.97927788947293
13 0.979321688831718
13.01 0.979365416339597
13.02 0.979409072165895
13.03 0.979452656479442
13.04 0.979496169448534
13.05 0.97953961124096
13.06 0.979582982023996
13.07 0.97962628196441
13.08 0.979669511228457
13.09 0.979712669981887
13.1 0.979755758389946
13.11 0.979798776617377
13.12 0.97984172482842
13.13 0.979884603186818
13.14 0.979927411855815
13.15 0.97997015099816
13.16 0.980012820776109
13.17 0.980055421351423
13.18 0.980097952885377
13.19 0.980140415538756
13.2 0.98018280947186
13.21 0.980225134844497
13.22 0.980267391816001
13.23 0.980309580545223
13.24 0.980351701190531
13.25 0.980393753909816
13.26 0.980435738860498
13.27 0.980477656199516
13.28 0.980519506083342
13.29 0.980561288667974
13.3 0.980603004108941
13.31 0.980644652561308
13.32 0.98068623417967
13.33 0.98072774911816
13.34 0.980769197530454
13.35 0.980810579569759
13.36 0.980851895388824
13.37 0.98089314513995
13.38 0.98093432897497
13.39 0.980975447045273
13.4 0.98101649950179
13.41 0.981057486495005
13.42 0.981098408174951
13.43 0.981139264691216
13.44 0.981180056192938
13.45 0.981220782828815
13.46 0.981261444747099
13.47 0.981302042095605
13.48 0.981342575021708
13.49 0.981383043672342
13.5 0.981423448194008
13.51 0.98146378873277
13.52 0.981504065434263
13.53 0.981544278443687
13.54 0.981584427905813
13.55 0.981624513964984
13.56 0.981664536765117
13.57 0.981704496449701
13.58 0.981744393161805
13.59 0.981784227044073
13.6 0.981823998238727
13.61 0.981863706887577
13.62 0.981903353132005
13.63 0.981942937112986
13.64 0.981982458971074
13.65 0.982021918846412
13.66 0.982061316878734
13.67 0.982100653207358
13.68 0.982139927971197
13.69 0.982179141308756
13.7 0.982218293358134
13.71 0.982257384257025
13.72 0.982296414142723
13.73 0.982335383152111
13.74 0.982374291421685
13.75 0.982413139087534
13.76 0.982451926285349
13.77 0.982490653150427
13.78 0.982529319817676
13.79 0.982567926421601
13.8 0.98260647309632
13.81 0.982644959975564
13.82 0.982683387192668
13.83 0.982721754880583
13.84 0.982760063171875
13.85 0.982798312198722
13.86 0.98283650209292
13.87 0.982874632985885
13.88 0.982912705008648
13.89 0.982950718291865
13.9 0.982988672965807
13.91 0.983026569160374
13.92 0.983064407005092
13.93 0.983102186629106
13.94 0.983139908161193
13.95 0.983177571729756
13.96 0.983215177462831
13.97 0.98325272548808
13.98 0.983290215932803
13.99 0.983327648923927
14 0.98336502458802
14.01 0.983402343051283
14.02 0.983439604439555
14.03 0.983476808878314
14.04 0.983513956492676
14.05 0.9835510474074
14.06 0.98358808174689
14.07 0.983625059635185
14.08 0.983661981195977
14.09 0.983698846552604
14.1 0.983735655828046
14.11 0.983772409144938
14.12 0.983809106625557
14.13 0.983845748391838
14.14 0.983882334565364
14.15 0.983918865267374
14.16 0.98395534061876
14.17 0.983991760740072
14.18 0.984028125751513
14.19 0.984064435772948
14.2 0.984100690923897
14.21 0.984136891323547
14.22 0.98417303709074
14.23 0.984209128343989
14.24 0.984245165201457
14.25 0.98428114778099
14.26 0.984317076200086
14.27 0.984352950575918
14.28 0.984388771025324
14.29 0.984424537664814
14.3 0.984460250610569
14.31 0.984495909978438
14.32 0.984531515883948
14.33 0.9845670684423
14.34 0.984602567768366
14.35 0.984638013976698
14.36 0.984673407181524
14.37 0.984708747496754
14.38 0.984744035035973
14.39 0.984779269912449
14.4 0.984814452239133
14.41 0.984849582128656
14.42 0.984884659693338
14.43 0.984919685045178
14.44 0.984954658295867
14.45 0.984989579556779
14.46 0.98502444893898
14.47 0.98505926655322
14.48 0.985094032509948
14.49 0.985128746919298
14.5 0.985163409891097
14.51 0.985198021534863
14.52 0.98523258195982
14.53 0.985267091274875
14.54 0.985301549588639
14.55 0.985335957009418
14.56 0.985370313645215
14.57 0.985404619603737
14.58 0.985438874992392
14.59 0.985473079918285
14.6 0.985507234488225
14.61 0.985541338808728
14.62 0.985575392986014
14.63 0.985609397126008
14.64 0.985643351334337
14.65 0.985677255716345
14.66 0.985711110377077
14.67 0.985744915421294
14.68 0.98577867095346
14.69 0.985812377077758
14.7 0.98584603389808
14.71 0.985879641518034
14.72 0.985913200040938
14.73 0.985946709569826
14.74 0.985980170207455
14.75 0.986013582056295
14.76 0.986046945218531
14.77 0.986080259796074
14.78 0.986113525890548
14.79 0.986146743603307
14.8 0.986179913035417
14.81 0.986213034287675
14.82 0.986246107460597
14.83 0.986279132654428
14.84 0.986312109969133
14.85 0.98634503950441
14.86 0.986377921359679
14.87 0.986410755634094
14.88 0.986443542426533
14.89 0.986476281835607
14.9 0.986508973959658
14.91 0.98654161889676
14.92 0.98657421674472
14.93 0.986606767601078
14.94 0.98663927156311
14.95 0.986671728727825
14.96 0.98670413919197
14.97 0.98673650305203
14.98 0.98676882040423
14.99 0.986801091344526
15 0.986833315968625
