"DATE" "INTC" "MSFT" "GE"
"1996-01-03" -0.0150378773645405 -0.0325598781423895 0.00169241275525067
"1996-01-04" -0.00434039968243582 0.00573888349503804 -0.0119494265204172
"1996-01-05" 0 -0.0115108919656599 0.00171822068179672
"1996-01-08" 0.00216557657511496 -0.00145517935040251 0.00683519392286902
"1996-01-09" -0.0466236967119928 -0.0728815170821875 -0.009627753947401
"1996-01-10" -0.0160371339901806 0.0269205196034483 -0.0321196241798574
"1996-01-11" 0.0495681816787059 0.0503017279642766 0.00177616092787991
"1996-01-12" -0.00440732242725317 -0.0101453979468915 -0.00355548221754542
"1996-01-15" -0.0591060832950727 -0.0386424574175659 0
"1996-01-16" 0.0435328779874167 0.0459023042293225 0.00885650389491932
"1996-01-17" -0.108859237514172 -0.0175186552873940 0.00703599827410617
"1996-01-18" 0.0198117734390857 0.0318821206159479 0.0156354589884455
"1996-01-19" 0.00732155105680055 0.047367071502868 0.0238552121059761
"1996-01-22" 0.0120898632189028 0.00135744264766036 -0.00337560010964921
"1996-01-23" 0.0131367554353365 -0.0275499517682305 -0.0136091542476708
"1996-01-24" 0.0383908212588244 0.0193599836105394 0.0102221208568425
"1996-01-25" -0.00227942951216398 -0.0207553701174432 0.0134716765194218
"1996-01-26" 0.00683738266376954 0.0125066119319746 0.00998395763405657
"1996-01-29" -0.0102736854603773 -0.00137995722801731 -0.00831166869706612
"1996-01-30" -0.00576344852980326 0.00483035135716126 0.00831166869706612
"1996-01-31" 0.0202977993785927 0.0184083996833553 0.0164189134598076
"1996-02-01" 0.0182225885951024 0.0174129167654233 0.00325484941939225
"1996-02-02" 0.0088394748097822 -0.0120220681305470 0.0016155476180173
"1996-02-05" 0.0303713401246835 0.0433972563303762 0.0128859555979721
"1996-02-06" 0.0169574140510147 -0.00645374113869179 0.0127220179993377
"1996-02-07" -0.0212420819317307 0.00388054384256886 -0.00952436126083223
"1996-02-08" -0.00645467363710917 0.020434896654268 0.0142489006737643
"1996-02-09" 0.0021654344187112 0.0125589590416300 -0.00157493051003588
"1996-02-12" 0.00402687894100051 -0.00625976371886017 0.00314738451377528
"1996-02-13" -0.0192280099317572 0.00125348541558612 0.00156998527360175
"1996-02-14" 0.0152011309907567 -0.00881567517419413 -0.0126216950014326
"1996-02-15" -0.00866204168198825 -0.00253890622789577 -0.00956997262769077
"1996-02-16" 0.00109036020643805 -0.00636335044643088 -0.00642861879815326
"1996-02-20" 0.00540624705683901 -0.00127590680289869 -0.00647021347832366
"1996-02-21" 0.0234842839638505 0.0215041156588489 0.0112935886591168
"1996-02-22" 0.0291081397871416 0.0259413919909002 0.0222269259728818
"1996-02-23" -0.00307662078751259 0.00970881412696079 0.00156998527360175
"1996-02-26" -0.00722024797348686 -0.0281728645463111 -0.0157963378039954
"1996-02-27" -0.00208016716340298 -0.00498134027570529 -0.00960054868616034
"1996-02-28" 0.00826835502702261 0 -0.0211242223533428
"1996-02-29" -0.0324108359839457 -0.0144621557708366 -0.0082431539413017
"1996-03-01" -0.0478955706594382 -0.0328290046258859 0.0180476624245123
"1996-03-04" -0.0214011154618952 0.00781856982841767 0.0129275258280268
"1996-03-05" 0.0090745253897384 0.0192953205688324 0.00480798346315359
"1996-03-06" -0.0391411287811703 -0.0115291593805518 -0.00480798346315359
"1996-03-07" -0.00234370972716103 0.00321955393771978 0
"1996-03-08" 0.00702974685530999 -0.0227408187581779 -0.0409509815882561
"1996-03-11" 0.0321868905555385 0.0143532946620155 0.0231372062944057
"1996-03-12" -0.00680632429225558 -0.0077982027472192 -0.0198035846008691
"1996-03-13" 0.0225194272146199 0.0521393036422233 -0.00500869817860439
"1996-03-14" 0 -0.0124729796598113 0.00667541265793048
"1996-03-15" 0.0478432988064903 0.0272333661931459 0.00828409976543343
"1996-03-18" 0.0105578087993965 0.0276901763069306 0.0276665456499599
"1996-03-19" -0.0126910262529103 0.0153271265199928 -0.00967796482916139
"1996-03-20" -0.0569064057244368 -0.0212811813813985 0.00162082919135953
"1996-03-21" 0.00672994755925571 -0.0377344461765681 0.00161820635468946
"1996-03-22" 0.00446637681220463 0.00370922658415518 0.0128366638642681
"1996-03-25" -0.0222410083389524 -0.0124339910388285 0.00794969150025171
"1996-03-26" 0.0222410083389524 0.0283813397252426 0
"1996-03-27" 0.00887334989816413 -0.00243994773434242 -0.00158489052978794
"1996-03-28" -0.00442683293906865 -0.00244591564364338 -0.00795455208846585
"1996-03-29" 0.00883415536632182 0.00852302232420543 -0.00480798346315359
"1996-04-01" 0.00438798313958411 -0.00363715894621963 0.0190793933561286
"1996-04-02" -0.00438798313958411 0.0180778709059988 0.00157491841058466
"1996-04-03" 0.0130926490234675 -0.00119354581393827 0.00939017080669924
"1996-04-04" 0.0278153146520126 -0.00119497206801711 0.00155775699341199
"1996-04-08" 0.0229454033971888 -0.00600408481178638 -0.00937548585780235
"1996-04-09" 0.0204051197400195 -0.0207004146787044 -0.0158290191278665
"1996-04-10" -0.00202969142918086 0 -0.0225774509483432
"1996-04-11" -0.021484404322341 -0.00493220221996671 -0.0131397821952022
"1996-04-12" -0.0135310997546161 0 0.0163999113529636
"1996-04-15" 0.0166400757661185 0.0233707925033078 0.0177275706725797
"1996-04-16" 0.067747784309387 0.0166084819505108 -0.0064157954210482
"1996-04-17" -0.0106557006211596 0.00651556944691656 0.0064157954210482
"1996-04-18" 0.0240531008962654 0.0284976407020174 0.0126940072013362
"1996-04-19" -0.00763718657310708 0.00686081436642016 -0.00157989482250187
"1996-04-22" 0.0376038258208564 0.0269678294527713 0.00473221592472539
"1996-04-23" 0.00529211385998396 -0.00111458592607150 -0.00157491841058466
"1996-04-24" 0.0309487616171613 -0.0100373492220900 -0.00473196727472125
"1996-04-25" -0.00894649604700382 0.0111519351481615 -0.0127421950337419
"1996-04-26" -0.00539727972247928 0.00662631087312215 -0.00160523104766552
"1996-04-29" -0.0163806607406256 -0.00774089679919365 -0.00321035122526903
"1996-04-30" -0.00551643896703657 0.00553229222581209 -0.00484678441253283
"1996-05-01" 0.00183824671217625 0.0164225249837582 0.00805713563780186
"1996-05-02" 0.00184670073197912 -0.0308735098501018 -0.00482333729022244
"1996-05-03" 0.0100612165436593 -0.00673800302047001 -0.00647808808311678
"1996-05-06" 0.000901148732958656 0.00786256844435451 -0.00978850010162802
"1996-05-07" -0.0128090660085971 0.0122238211571095 -0.0115356017142481
"1996-05-08" 0.0128090660085971 0.00989389461136714 0.0082567131167246
"1996-05-09" -0.00181482940657895 -0.00658269175263593 0.0130673886991515
"1996-05-10" 0.00726290835227905 0.0120434847757291 0.00969361341544461
"1996-05-13" 0.0372713947972314 0.0321192492462368 0.00960054868616034
"1996-05-14" 0.0155593665608103 0.00315792216810618 0.00476979882335371
"1996-05-15" -0.00688787273117519 -0.0116235955262409 -0.00158740639567911
"1996-05-16" -0.0069356447597686 -0.00425986460553496 0.0141814696593774
"1996-05-17" -0.0104831959434102 -0.00106609818199743 0.0170674971021381
"1996-05-20" -0.00176548523126918 -0.00213561213042146 0.0377433880856302
"1996-05-21" -0.0106130788817467 -0.0140215653355007 -0.0134199903133041
"1996-05-22" -0.00536058906999726 0.0150899415054995 0.0193263071756178
"1996-05-23" 0.0142164074647426 0.0138062617378525 -0.00294519207206845
"1996-05-24" 0.00175726048700131 0 0.00441813157064486
"1996-05-28" 0.0209052005632282 -0.0106079647684756 -0.0268285437050002
"1996-05-29" -0.0156406034700076 -0.00106496282695678 -0.00605845021842466
"1996-05-30" 0.00175622322149938 0.00955761172272007 0.0120877472492307
"1996-05-31" 0.0544276830559078 0.00422616662765662 -0.00602929703080601
"1996-06-03" 0.0147923714414309 -0.00316457027938055 0.00151073572071025
"1996-06-04" -0.00408065099339749 -0.004232803385948 0.0119971428154382
"1996-06-05" 0.00733950175427855 0.0251321707091492 0.00594140880796168
"1996-06-06" -0.0213588444788724 -0.00882808365885923 0.0219763909037329
"1996-06-07" 0 0.0119207061279871 -0.00435396834491497
"1996-06-10" -0.0150645962577385 -0.00516632921639149 0.00145579556518882
"1996-06-11" 0.0150645962577385 0.0123585710685932 -0.0161170933337615
"1996-06-12" 0.0197359859029227 0.0232702646070209 0.00735751785017058
"1996-06-13" -0.0230653078595155 -0.00300611383603 0.00584586192228498
"1996-06-14" -0.0270302881921296 -0.0131232680938536 0
"1996-06-17" -0.0137885787751206 0.0131232680938536 0.00581188634103214
"1996-06-18" -0.0228328933221880 -0.0182158882961967 -0.00727193296577644
"1996-06-19" 0.0141047982451843 -0.00511868779182789 0
"1996-06-20" -0.0034991118619514 0 0
"1996-06-21" 0.0034991118619514 0.0173015598013793 0.0159304226930321
"1996-06-24" 0.0308327757122311 0.00201290390545994 0.00430478495163156
"1996-06-25" -0.0100251741398285 -0.0172664663518294 0.00427937842484916
"1996-06-26" -0.00516699810239496 -0.0123712918025469 -0.0100161947889417
"1996-06-27" 0.0187911422420708 -0.00467814539555134 0.00716763646797558
"1996-06-28" -0.00593978991777266 0.00155959482155010 -0.00860875643225789
"1996-07-01" 0.0227157001586629 0.0180504955303546 0.00575206064120692
"1996-07-02" -0.00500113728709906 -0.00564080178101278 0.00285669579105097
"1996-07-03" 0.00166624601161525 -0.00411947708327354 -0.00285669579105097
"1996-07-05" -0.0374148453321639 -0.0229621779720270 -0.0188022046023506
"1996-07-08" 0.0120587545068034 0.0162357769347383 -0.0206529941010634
"1996-07-09" 0.00512072149576381 -0.00260327520344195 0.00890253359820692
"1996-07-10" -0.00682979377548554 -0.00417537141048063 0.00882397732931128
"1996-07-11" -0.0474237748138462 -0.0427415483772711 -0.0177265109275182
"1996-07-12" 0.0248681477826649 -0.0187315504488099 0.00149048119232065
"1996-07-15" -0.0302751343268604 -0.0156989771286296 -0.0317463546965917
"1996-07-16" 0.0125787822068602 0.0420451308824488 -0.00616108740742405
"1996-07-17" 0.0229425167859238 0.0150506066804499 0.0229164573603358
"1996-07-18" 0.0121424642628627 0.0232111686270451 0.0135005035513593
"1996-07-19" 0.00344394522240288 0.00920710384164103 -0.0210811205376316
"1996-07-22" -0.00689979220431303 -0.0102487288707183 -0.0153358403740635
"1996-07-23" -0.0388009297295411 -0.0657970399238748 -0.0187220323751704
"1996-07-24" -0.00722360208441986 0.0231467981195124 0.00627715734791234
"1996-07-25" 0.0442976946711844 0.0321536258018269 0.00934625332294425
"1996-07-26" 0.0290340493457713 0.00525872248906145 0.0092597091117379
"1996-07-29" -0.0186843671186896 -0.0190649842269139 -0.0170409033873518
"1996-07-30" 0.0203726426652531 0.0148588721060898 0.00156261346449194
"1996-07-31" 0.0100274117153130 -0.00633913327862157 0.0261752544737814
"1996-08-01" 0.0246581462725772 0.0230584639618856 0.0135819887137436
"1996-08-02" 0.0224728558520586 0.0225452171996059 0.0324502264765045
"1996-08-05" -0.00796669906202307 -0.0132570714480464 -0.00290236828195667
"1996-08-06" 0.0221527724217196 0.0183085182267901 0.0072507699397577
"1996-08-07" 0.0306279424300957 0.00603337543427651 -0.00870867756753269
"1996-08-08" -0.0197428681256189 0.00399360530778692 -0.0102581143178315
"1996-08-09" 0.0199283832968984 -0.00600283044233807 -0.0133403351487393
"1996-08-12" -0.00304092772334075 0.00600283044233807 0.0148132640642156
"1996-08-13" -0.0230915505817983 -0.0140673902790684 0
"1996-08-14" 0.0185176686544066 0.0110736825010047 0.00439866600270644
"1996-08-15" 0 0.00199680066347208 -0.00734669655390485
"1996-08-16" -0.00922093632594434 -0.00701919357684799 0.00147510163572218
"1996-08-19" -0.00309263732022158 -0.0060512895876288 0.00147292891547623
"1996-08-20" -0.0155981843404702 -0.00101103724173868 0
"1996-08-21" 0.00939408933222952 0.00101103724173868 -0.0118373637324911
"1996-08-22" 0.0336897405662988 0.0120725812342695 0.00741205240588627
"1996-08-23" -0.0167079285521581 -0.0141021698208736 0.0132104967289601
"1996-08-26" -0.00460197729056233 -0.00304236134502478 -0.00146003622610369
"1996-08-27" 0.00307362608369255 0.0151457349029105 0.0101687137936364
"1996-08-28" -0.00307362608369255 0.0069847457329586 -0.00144736728023798
"1996-08-29" 0.00154293544347972 -0.0120121756871860 -0.0189945262408484
"1996-08-30" -0.0193894062321518 -0.0131764811003041 -0.0193549738372694
"1996-09-03" 0.0224484480792344 0.00711908884151136 0.0119539036199305
"1996-09-04" 0.00763624726966539 0 0.00148605132839164
"1996-09-05" -0.0199588895044829 -0.0153158560456901 -0.0119433769900086
"1996-09-06" 0.00772066494425516 0.00819676720417872 0.0178583958789558
"1996-09-09" 0.0273187149185272 0.0192038085842547 0.0102731797274500
"1996-09-10" 0.00968080328871856 -0.00401203505137149 0.0043666328309051
"1996-09-11" 0.00812251825880006 0.00600883571484356 0
"1996-09-12" 0.00439938778373072 0.0275880000128188 0.0115636772203431
"1996-09-13" 0.0317083680835784 0.018297683955824 0.0156805094737162
"1996-09-16" 0.00565124925691363 0.00380952841666771 0
"1996-09-17" 0.061543400662933 0.0179011710798838 -0.0156805094737162
"1996-09-18" 0.0144774760164021 0.0194165919273117 0.00287189455110237
"1996-09-19" 0.0142791574174721 0.00911873721504586 0.00713691348268242
"1996-09-20" 0.00385618418186606 0.00271427246710765 0.0141228143102579
"1996-09-23" -0.0168241966812990 -0.00271427246710765 -0.0070364756268182
"1996-09-24" 0.00779763664512734 -0.0063737900831482 0.0154167653051971
"1996-09-25" 0.00774557341879989 -0.00917731211765327 0.0179210115104862
"1996-09-26" 0.00128098661737175 -0.0270903270528882 -0.0123684136001039
"1996-09-27" -0.0051421232396418 0.0178339646665417 0.0123750832681213
"1996-09-30" -0.0149547378608710 -0.0187798664360539 -0.00548411986893615
"1996-10-01" 0.00327266441921381 0.00189090965432737 -0.00412618356203565
"1996-10-02" 0.0333781403493942 0.0196772477736262 0.0136971035812787
"1996-10-03" 0.005040120871179 -0.0055843782939009 0
"1996-10-04" 0.0217467656539907 0.0175701107457029 0.0175342015330369
"1996-10-07" 0.0260803235635674 0.0082140064100118 0.00666140036299456
"1996-10-08" -0.0266974024268380 -0.0155737344089077 -0.00800032909363058
"1996-10-09" -0.00741088330588013 -0.00648598365582442 -0.00536714363152413
"1996-10-10" -0.00995933990275821 -0.0055888226160441 -0.00946735444787139
"1996-10-11" 0.0536072826565532 0.0249160836452358 0.0254895985766237
"1996-10-14" 0.0211222544866754 -0.00365297743638759 0.0065998331803434
"1996-10-15" 0.0320029664422732 0.0163372054680737 0.00262394094318097
"1996-10-16" 0.0134142391585521 -0.00632200294556684 -0.00262394094318097
"1996-10-17" -0.0167924738019831 -0.0182820448374494 0.00130962334953422
"1996-10-18" -0.00679090067762322 -0.00554746207494317 0
"1996-10-21" -0.0206687911465724 -0.0055843782939009 0.00655438147316545
"1996-10-22" -0.0211050223018869 -0.0112571545246345 -0.00130744400602323
"1996-10-23" 0.0360694838180295 0.0149815536156170 0.00911008848118522
"1996-10-24" -0.0172884191167899 0.0156742835928041 -0.00389688647571873
"1996-10-25" -0.0199633368606746 -0.00137111538847767 -0.00260638648305012
"1996-10-28" 0.00591260677922678 0.00137111538847767 -0.00916337633909281
"1996-10-29" -0.0154522638003036 -0.00918829993697967 0.01046741873669
"1996-10-30" 0.0224985396181219 0.00643831506150905 0
"1996-10-31" 0.0288560094620292 0.007312668236366 0.00778243611813245
"1996-11-01" -0.0102927965848689 0.000914702596104267 -0.00129392661607763
"1996-11-04" 0.0148352050029259 0.00453781656550722 0.00773229726932811
"1996-11-05" 0.0323118653403522 0.0250460319260877 0.0140214077281740
"1996-11-06" 0.0418762534088217 0.0209797904691942 0.028698270507598
"1996-11-07" 0.0269717516184125 -0.00694447235281093 0.0110126825914736
"1996-11-08" 0.00102678198462236 0 -0.00610052233055391
"1996-11-11" 0.0132011667538023 0.000869308453043782 -0.00122577979417882
"1996-11-12" -0.0234835067449430 -0.0131365791793510 -0.00122728417450979
"1996-11-13" -0.0124732843109574 0.0226659779472058 0.0170346288307388
"1996-11-14" 0.00313126003381647 0.0313970847816485 0.0131812178873290
"1996-11-15" -0.0339327834029546 -0.00418452125676394 -0.00716874036189985
"1996-11-18" -0.00432633125019377 0.00918719835681214 -0.00842998854975896
"1996-11-19" 0.0455319225976831 0.0359221827764968 -0.00363133516307856
"1996-11-20" 0.00103847008087721 -0.0169877223800459 -0.00243219634408787
"1996-11-21" -0.0166854473601652 -0.0189344603964510 -0.0110126825914736
"1996-11-22" 0.0300358098787710 0.000829579886659548 -0.00616828551565218
"1996-11-25" -0.00819398444087938 0.0197374828383214 0.0268626958796596
"1996-11-26" 0.0183510642474469 0.00162994128200733 -0.0170080298972666
"1996-11-27" 0.0229675106022325 0.0113152233100293 0.00488817577572176
"1996-11-29" 0.00196695578758765 0.00880485316634516 0.0145286444290722
"1996-12-02" 0.00196942079746210 0.00556345229015998 -0.00723793725797384
"1996-12-03" -0.00987973171315781 -0.0196090237086044 -0.0395087217132408
"1996-12-04" 0.0283889707480638 -0.0093370486684674 -0.00347397947164119
"1996-12-05" -0.00969766595592247 -0.00163004330628658 -0.0130359537852507
"1996-12-06" -0.0201810796513571 -0.000816019127573675 0.00255971770615249
"1996-12-09" 0.034692538307461 0.0671910880724464 0.00636457885567676
"1996-12-10" -0.00771198491475422 0.00153032692316124 -0.00381761592922913
"1996-12-11" 0.0582899431642994 0.0181547663329864 -0.0115284966652638
"1996-12-12" 0 -0.0289017483610716 -0.00258284129978703
"1996-12-13" -0.0334328253730738 -0.0124225199985575 0
"1996-12-16" -0.0394817467457034 -0.0414732482065747 -0.0169402315052882
"1996-12-17" 0.0213781819140917 0.0399120301396203 0.0259448888377389
"1996-12-18" 0.0432823882008191 0.0338444609871069 0.0165099332568919
"1996-12-19" 0.0128089906071955 0.0268720646885301 0.0346561408911534
"1996-12-20" -0.0211316885699819 -0.0148418154663292 -0.00487624323314328
"1996-12-23" -0.017798257307704 0.00149604388894087 -0.0123047248739825
"1996-12-24" 0.0242767841946647 0.0133457715773884 0.00985466598239304
"1996-12-26" 0.00826917501926827 0.00733443366015063 0.0121788829468201
"1996-12-27" -0.0091955078765018 -0.0147278067102437 -0.00728475328395417
"1996-12-30" -0.0158200261162236 -0.00894193737566118 -0.00857450497117584
"1996-12-31" -0.0175044119673653 -0.0105367542627759 -0.0274320030057611
"1997-01-02" -0.00430873306805024 -0.0121767402301498 -0.0127211425176084
"1997-01-03" 0.0595561554648687 0.0360942304979628 0.015248529005627
"1997-01-06" 0.00360272943703643 -0.00295384830159184 -0.00126289478391417
"1997-01-07" 0.0318927405228151 0.00737773693006138 0.0199992629419006
"1997-01-08" -0.00787833545602368 -0.0193003534568059 -0.0137068035522492
"1997-01-09" 0.005260988713788 -0.0120664822926941 0.0149447077274796
"1997-01-10" 0.0104340988866500 0.0225041484916546 0.00247122059341498
"1997-01-13" 0.0163016336861563 -0.00595239852729534 0.0183242924833187
"1997-01-14" 0.00170146689952055 0.0192194897891840 0.0132287390962396
"1997-01-15" -0.0354580197870469 -0.00882829263251272 -0.016864460770476
"1997-01-16" 0.00263576304042834 0.0161199283916607 -0.0134612593691754
"1997-01-17" 0.0117868745556855 0.0129942772721781 0.0207195321157427
"1997-01-20" 0.00820601817241995 0.0407668996192747 0.0131870299991887
"1997-01-21" 0.0191774154034348 0.0457684184555807 0.0047488123011985
"1997-01-22" 0.0270712561073005 0.0246946665035379 0.0176141243362054
"1997-01-23" -0.00246661463278297 -0.0273297141415432 -0.030732407337021
"1997-01-24" -0.00827517527394672 0.0124561361637143 -0.0218461977209561
"1997-01-27" -0.00249328654271519 0.00194936707320625 -0.0148338618150889
"1997-01-28" 0.0058115785881041 -0.00521514655821154 0.00248966311705301
"1997-01-29" 0.0245319093620537 0.016852781857311 0.0293728371194204
"1997-01-30" 0.0341417958286367 0.0390704151278349 0.0191209745235170
"1997-01-31" 0.013182244933736 0.00861741565788021 -0.0203231031428186
"1997-02-03" 0.00996775294971153 0.00367168248900773 0.0167634845171616
"1997-02-04" 0.00532525363983005 0.00729540948574625 -0.0131496751411788
"1997-02-05" -0.0465939386085825 -0.0471511654866754 -0.0084605269440896
"1997-02-06" -0.0265817214338182 -0.0127919902887172 0.00966418974680572
"1997-02-07" 0.0210017619346226 0.0329184153093283 0.00957168643979145
"1997-02-10" -0.0308452702013606 -0.0265019659274852 -0.0107753492425076
"1997-02-11" 0.000827094823728558 0.00764334931256805 0.00719450726722748
"1997-02-12" 0.0324170649232181 0.0138648584095193 0.0118750815645048
"1997-02-13" 0.0015892386279579 0.00124877940052848 0.0129028875458768
"1997-02-14" -0.0160488410750963 -0.0214769882564787 -0.00818747092577965
"1997-02-18" 0.000806508305223108 -0.00512163962753354 0.0105177324010564
"1997-02-19" -0.00485928859486462 0.00128081989972273 0
"1997-02-20" -0.0263405840117725 -0.0233473639969914 -0.0164097147388773
"1997-02-21" -0.0236299014079266 -0.00262812240626920 -0.00593270884614361
"1997-02-24" 0.0186162270577621 0.0525405162828663 0.0141683639134995
"1997-02-25" -0.00167862705086685 -0.00625976371886017 -0.00587814901116435
"1997-02-26" -0.0169376000068953 0.00750942202213123 0.00235770503355237
"1997-02-27" -0.046427924533706 -0.042019718987222 -0.0106479199358875
"1997-02-28" 0.0152047708724830 0.0142050308043453 -0.0216302677711133
"1997-03-03" 0.0277998310192031 0.0203052661607455 0.00484666520617871
"1997-03-04" 0.00342332264201994 -0.0037779818660475 -0.0195352360152610
"1997-03-05" 0.0211262063458646 0.0175044469414445 0.0219527327851323
"1997-03-06" -0.0279790789147025 -0.0314709103744688 0.00960613172188518
"1997-03-07" -0.0129848091311757 -0.0102828669555843 0.00714307433155836
"1997-03-10" 0.00867709822123652 0.0330398540782002 0.0047319383763047
"1997-03-11" -0.00606325906525029 -0.0163814462157417 -0.00710923343961634
"1997-03-12" -0.00785083592555047 0.00380266400888152 -0.00357074696217463
"1997-03-13" -0.0105626907701803 0.00881972579890222 -0.0108011640279573
"1997-03-14" -0.0241864321477991 -0.0062912794455432 -0.00604881045651418
"1997-03-17" -0.0109382367901949 0.0150378773645405 0.0132605847075653
"1997-03-18" 0.00274432609444020 -0.00874659791899735 -0.0132605847075653
"1997-03-19" -0.0249864136115536 -0.0292807976702423 0.00484668892105988
"1997-03-20" -0.00094109705070844 -0.00778214044205461 -0.00849123712005495
"1997-03-21" -0.0208513041459177 -0.0210534091978323 0.00121830563633418
"1997-03-24" 0.000954759858045051 -0.0420994058074364 0.0299561974489233
"1997-03-25" 0.0198965442878727 0.00207939457713469 -0.00830000366004224
"1997-03-26" 0.0538683472270991 0.042676055288418 -0.0107694741988120
"1997-03-27" -0.0107232080247446 -0.00531916147760025 -0.0255932189404562
"1997-03-31" 0 -0.0222445182867008 -0.0199553714500795
"1997-04-01" 0.00134598463484670 0.0168969119601057 -0.00631629094575326
"1997-04-02" -0.0167362808353402 -0.0134954814748847 -0.0089128700804153
"1997-04-03" 0.0261135042252381 0.0334011366338847 0.00637886254744302
"1997-04-04" 0.0306371666684777 -0.00990117558476378 0.0250919760345614
"1997-04-07" 0.000864869713617544 0.0177588076366271 -0.00372146451352684
"1997-04-08" 0.0101778962674111 0.0244679050145824 0.00743515840777054
"1997-04-09" -0.0301881349433244 -0.00254777207879853 0.00615301509216515
"1997-04-10" -0.0357813026456295 -0.0128371467606812 -0.00369087154374093
"1997-04-11" -0.0504301464335692 -0.0182534403093499 -0.0363676441708747
"1997-04-14" 0.0245983641997962 0.0246946665035379 0.0214786108016147
"1997-04-15" -0.0207786428050989 -0.00257480862044668 0.0283442802143479
"1997-04-16" 0.0226469207787154 0.0115185012657384 0.0240133680294936
"1997-04-17" 0.0294097970722111 -0.0012751128654358 -0.0143375394825496
"1997-04-18" -0.0063608090615559 0.092410966557936 0.0083894974570633
"1997-04-21" 0.00907868439130288 0 -0.00358938977690615
"1997-04-22" 0.0179023633464168 0.0274931909749840 0.0387638765040235
"1997-04-23" 0.0374478658588893 0.0398724619149786 -0.0127531594415102
"1997-04-24" -0.000858213318671641 -0.00872417088263955 -0.00468229807988241
"1997-04-25" -0.0155136461145409 -0.00439079412911791 -0.00117400816964075
"1997-04-28" 0.0172238425440274 0.0109445293771104 0.00701777301639339
"1997-04-29" 0.0244666497242494 0.0352771714143429 0.0309871717844921
"1997-04-30" 0.0206155669520212 0.0207907696690737 0.00338143289483472
"1997-05-01" 0.00407259948344363 -0.00412371718386195 -0.0113236089390107
"1997-05-02" 0.0248946789749689 -0.002068253064059 0.0302864269186278
"1997-05-05" 0.0304557380024280 -0.00466843715074861 0.0294012976214280
"1997-05-06" -0.0280809483750279 -0.0242133934596502 0.00214019113163699
"1997-05-07" -0.0135392044616220 -0.0155699319604352 -0.00859892956593278
"1997-05-08" 0.018271931510895 0.007548924216076 0.00323195598681592
"1997-05-09" 0.00471547602630196 0.0032154423710824 0.00322678244747987
"1997-05-12" -0.00235243150894293 0.0117067961417736 0.0275122292811756
"1997-05-13" -0.0433448430173691 -0.00317795979425295 0.0145100922272552
"1997-05-14" 0.00245651151469595 -0.0160499830141547 0.00205220910219150
"1997-05-15" 0.034581209529041 0.0107262830973811 0.0183123190384449
"1997-05-16" -0.0191532471080493 -0.0145099087510436 -0.0244917114626380
"1997-05-19" -0.00241885788027663 -0.0027133668968764 0.00823240080150178
"1997-05-20" 0.0395914278925384 0.0341549257324139 0.0242933328505632
"1997-05-21" 0.00927297587781561 0.0104418485272206 -0.0120728974866280
"1997-05-22" -0.00694790398058087 0.00207137003521929 -0.0122204353639352
"1997-05-23" 0.0111704765378291 0.0184843045097156 0.00612888494587205
"1997-05-27" 0.0368464516695854 0.0300591769642673 -0.00818189332318076
"1997-05-28" -0.0130041465957818 -0.00593744318535094 0.00205300837730871
"1997-05-29" -0.0203051427721008 0 0.00204880216782000
"1997-05-30" -0.0778487306009952 -0.0150093743102824 -0.0123461458821574
"1997-06-02" -0.0116184145404130 0.00302123791262821 0.00413066377759685
"1997-06-03" -0.0322375317046513 -0.0295805109849829 0
"1997-06-04" -0.0173886289287859 -0.0130235701582380 0.00411367155943188
"1997-06-05" 0.00448234282392157 0.0114687388458510 -0.0103186155216233
"1997-06-06" 0.0197823564869815 0.0286172036155494 0.0326584646974197
"1997-06-09" 0.0220154293237269 0.00852697439666406 0.00998871902647025
"1997-06-10" -0.0275944754736415 -0.00249982925859848 0.00594665264308558
"1997-06-11" 0.0157998533156962 0.0173752764846813 0.0059114989094895
"1997-06-12" -0.0264025877093981 0 0.0233026143242729
"1997-06-13" 0.00758483553271949 0.0204570371776627 0.0152372298367678
"1997-06-16" 0.0171206120772656 0.0134132279193597 0.00565520493929883
"1997-06-17" 0.0164188088393229 0.0211814693090049 0
"1997-06-18" -0.0210994785898908 -0.0302623337208234 -0.00376504564931945
"1997-06-19" -0.000850893352063231 -0.00674530495877734 0.0131183776615078
"1997-06-20" 0.00212861753202631 0.00434280717544011 0.00742289004815921
"1997-06-23" -0.0106997676456784 -0.0140563442303607 -0.0319268712044747
"1997-06-24" 0.0191855170257207 0.0307568930286646 0.0123247436061864
"1997-06-25" -0.0089078209904816 -0.0123795866709413 -0.0142365671816753
"1997-06-26" -0.0206677180656323 -0.0169134674369418 -0.00382996205645059
"1997-06-27" -0.0100523711641052 -0.0058651194523982 0.00287267786842538
"1997-06-30" -0.00308032292483373 -0.00886110466760393 -0.00479552089097091
"1997-07-01" -0.0195798917580987 -0.0114408472703782 0.0228152777986121
"1997-07-02" 0.0279212033967204 0.0271428135227452 0.0158553202338152
"1997-07-03" 0.0134572135499194 0.00920539218418837 0.02647331391747
"1997-07-07" 0.0166785627489849 -0.00048173722783984 0.00718297238368715
"1997-07-08" 0.0151479891982045 0.0134230203321408 -0.00538128886070632
"1997-07-09" 0.0198556380068324 -0.00381679852670080 -0.0154098661170852
"1997-07-10" -0.0165179729888369 -0.00671311358457416 0.0154098661170852
"1997-07-11" 0.0242653925376479 -0.000964467314460205 0.0160534427950987
"1997-07-14" 0.0236905055811656 0.0465864348689187 0.00529581688471126
"1997-07-15" 0.0270115152903849 0.0184490725770852 0.0165881287856338
"1997-07-16" 0.0882998873450833 0.0695196384209424 0.0247980746759993
"1997-07-17" -0.00638594801474301 0.00713172491779712 -0.0110414061143547
"1997-07-18" -0.0157803395975038 -0.062088904056941 -0.0285843091086533
"1997-07-21" -0.00871401078564249 -0.0330115318588837 -0.00705630512333633
"1997-07-22" 0.0351165635672448 0.058483633989042 0.0175461505475134
"1997-07-23" 0.00631868683165715 -0.0188209604843808 0.00433779512283161
"1997-07-24" 0.00488658108429307 -0.0246049452623729 -0.00433779512283161
"1997-07-25" -0.00628778833400467 0.0036166404701885 0.00606934609562915
"1997-07-28" -0.00703563916322825 -0.0108893997992685 -0.0104260396924598
"1997-07-29" -0.00495228530025837 0.0212156831353276 -0.00877074635954544
"1997-07-30" 0.0140867501622175 0.0084479963220212 -0.00264888266576380
"1997-07-31" 0.0269088066589895 0.00177274382708692 -0.00887192726341945
"1997-08-01" 0.0195471956578395 -0.00532199837710978 -0.014361747334517
"1997-08-04" 0.0328312475538795 0.00664525853988662 -0.0164090954695824
"1997-08-05" 0.0299135935395092 0.0122862535667028 -0.00368632522603907
"1997-08-06" 0.00375241004932692 0.000873234580336835 0.0228020805508873
"1997-08-07" 0 0.00347977490426921 -0.0154474400005409
"1997-08-08" -0.0227409537765446 -0.0277374497173422 -0.0175535678360554
"1997-08-11" -0.0174047972836942 -0.0125787822068602 0.00835516838139538
"1997-08-12" -0.00848609096992226 -0.0164087546663918 -0.0214858027708642
"1997-08-13" 0.0110846995454024 0.000458718302081884 0.00846056310222698
"1997-08-14" -0.0052039875148342 0.00137782950521936 0
"1997-08-15" -0.0398960352911479 -0.0250810917083384 -0.0518860525750964
"1997-08-18" 0.0261116839895732 0.00749768086268743 0.038688914558489
"1997-08-19" 0.0347519510192940 0.0362153585604661 0.00756319116607473
"1997-08-20" 0.0261462870173368 0.0125281370338119 0.0223478066597504
"1997-08-21" -0.0213687837792800 -0.0193025901300641 -0.0289618863312113
"1997-08-22" -0.0224873482583163 -0.00454484777227648 -0.0162445898624575
"1997-08-25" -0.0210132057398673 -0.00547946576462532 -0.0116283130479862
"1997-08-26" -0.016052676168115 -0.0110498361865852 -0.0137362888647758
"1997-08-27" 0.0147240391497725 -0.00324674646321821 -0.00793833706074576
"1997-08-28" -0.0181006662990204 -0.0187534938164493 -0.00399048466447827
"1997-08-29" -0.0027112809313774 0.000947587582730947 0.00100033434144953
"1997-09-02" 0.0313877115644403 0.0371272064571171 0.0563251425787605
"1997-09-03" -0.0132383459556658 -0.00456767917441514 0.012197452421836
"1997-09-04" 0.00862547093018229 0.0118305292476633 -0.00654760300339197
"1997-09-05" -0.00066315254938365 -0.0063535603931113 -0.00470982649376595
"1997-09-08" 0.0144384284053616 0.0144602714564059 0.0103279343647626
"1997-09-09" 0.0187145646785258 0.00134570792626754 -0.00280739418721376
"1997-09-10" -0.0232852714318565 -0.0318658054141516 -0.0122480265219935
"1997-09-11" -0.00262244914884358 0.0124118485081817 -0.0143180514430110
"1997-09-12" -0.0105548483676929 0.0081907646272592 0.0190455377874557
"1997-09-15" -0.0234832624459504 -0.0539916666100275 0.00188659332701624
"1997-09-16" 0.0399268813220166 0.0426001683239323 0.0324252500921074
"1997-09-17" -0.00163392895369174 -0.0236512500168495 0.0162755948213471
"1997-09-18" -0.006884186029668 -0.00706458994135595 0.00625926854016745
"1997-09-19" 0.00459471909804954 0.0219693726879564 0.000891612594704494
"1997-09-22" 0.00977769169015863 -0.0139681973122832 0.00177650414292740
"1997-09-23" 0.0281355268103551 0.0162763942056734 -0.0170298640721489
"1997-09-24" -0.0359474938644491 -0.0228600492183748 -0.00726119222731558
"1997-09-25" -0.0264910792229931 0.00235606902066765 -0.0258307554717909
"1997-09-26" -0.000673837008780431 0.00469854903014122 0.0212717310394046
"1997-09-29" 0.0245459012017633 0.00839798988970442 0.0109193117193085
"1997-09-30" -0.0326370691854319 -0.016398405933586 -0.0145887285962898
"1997-10-01" 0.0101026939246993 0.0117422295893945 0.00732096793748305
"1997-10-02" -0.00133768893225028 -0.0051493620179377 0.0135790694766644
"1997-10-03" 0.00201017231794109 0.013053788678822 -0.00631130881785769
"1997-10-06" 0.00200613963023555 0.00138634648868186 0.011692597678564
"1997-10-07" 0.0185436680156887 0.0105828571769262 0.0299616142844799
"1997-10-08" -0.0072452725031873 0.0176922801064969 -0.0210537698731823
"1997-10-09" 0.00132161885651527 -0.00044902165844718 0.00176862998935956
"1997-10-10" -0.0179801308684149 -0.0177002968472300 -0.0106764744006571
"1997-10-13" -0.00471541572287348 0.00182982667707599 -0.00717857408231115
"1997-10-14" -0.00813503776461433 -0.000456411269578183 0
"1997-10-15" -0.0574382411527656 -0.00688307121846776 -0.00905295431344388
"1997-10-16" -0.0152564107463489 -0.0136739103958208 0.00815089778354139
"1997-10-17" -0.0282162284009568 -0.0124469776798151 0.000902056529902495
"1997-10-20" 0.0127234487895471 0.00283001818329121 0.0107529799384558
"1997-10-21" 0.0125588705994475 0.0433462367056934 0.00710206854451245
"1997-10-22" -0.0140476535432814 -0.0205151410015909 -0.0169538049257572
"1997-10-23" -0.0248781476700595 -0.000462934986543928 -0.0301558182605981
"1997-10-24" -0.0231678266765178 -0.00184206694154065 -0.0215663621379858
"1997-10-27" -0.0678776241331023 -0.0492056884704306 -0.0625811146624784
"1997-10-28" 0.128501063257292 0.0343217149249022 0.0710781959730671
"1997-10-29" -0.0575068819753408 -0.0189220117869158 -0.0247415953857768
"1997-10-30" -0.0577041502327491 -0.0173445581199463 -0.0253693053050839
"1997-10-31" 0.0163640302374799 0.010634811210255 0.0215097977256238
"1997-11-03" 0.0192918391518901 0.0312362593478497 0.0379543495431882
"1997-11-04" -0.0331851875820139 0.000933023585541815 0.0193624866205804
"1997-11-05" -0.0174351283465763 -0.00513494902303702 0.00999500367639294
"1997-11-06" -0.0151917875385394 -0.011294246207175 -0.00543983565758444
"1997-11-07" 0.0521860313553608 -0.0037932743773621 -0.0146510812334482
"1997-11-10" -0.030318691039704 -0.0105047766376045 -0.0111320588365089
"1997-11-11" 0.0148656196454744 0.00335260447362939 0.00558151968001397
"1997-11-12" -0.0173630618705118 -0.0110634801070386 -0.0244117493432845
"1997-11-13" 0.0392551788925344 0.0182156522710137 0.0391437803344257
"1997-11-14" 0.0103681592349516 0.0132139823326822 0.0136204871823433
"1997-11-17" 0.0212044572482060 0.0116546603176122 0.0266924592245519
"1997-11-18" -0.0212044572482060 -0.00651010648078287 -0.0230934915250867
"1997-11-19" 0.00395969481967029 0.00789709391795546 0.0160434389891702
"1997-11-20" 0.022669045346424 0.0133326678880454 0.0175306840099156
"1997-11-21" -0.00776159207369087 0.00727936640500415 0.0112321159938635
"1997-11-24" -0.0268338879967396 -0.0173772878421610 -0.0155849945294335
"1997-11-25" -0.0218390303667260 0.0255022928109363 0.0155849945294335
"1997-11-26" 0.00245374397696363 0.0182666761446457 0.00940526285135146
"1997-11-28" 0.0129669150024676 -0.00044089219204535 0.0059364319306483
"1997-12-01" 0.0487107309770218 0.0162099553622030 0.0016920268323104
"1997-12-02" -0.0430904750498806 -0.0109235994390549 -0.0050805492420567
"1997-12-03" 0.00558372261351403 0.0169908624185826 -0.00852397311428543
"1997-12-04" -0.0233578107343715 -0.0147971368273963 -0.0068744071091662
"1997-12-05" 0.0113453911969681 0.00393717832998819 0.0128504707025496
"1997-12-08" 0.011218115933318 0.0207440741724918 0.00169794481582208
"1997-12-09" -0.0365138571875496 -0.0124806569262996 0.0143397906584992
"1997-12-10" -0.0124772889228959 -0.0143943211673667 -0.0117920607978372
"1997-12-11" -0.039250433196933 -0.022663319747263 -0.0170961453790337
"1997-12-12" -0.0184458904677078 -0.0167683119570867 -0.00345289506923452
"1997-12-15" 0.0227872736200507 -0.00458232928787838 0.0323411012461055
"1997-12-16" -0.0130867533981127 0.0213506412449651 0.0100002867612194
"1997-12-17" -0.0239873391886514 -0.0250305036199188 -0.00498764271578533
"1997-12-18" -0.00541280376141362 -0.0356480522739848 -0.0134219207567967
"1997-12-19" 0.0125788549222845 -0.016856435501317 -0.0136045223563421
"1997-12-22" 0.0203286192312730 -0.0132006754053653 0.0119124955240317
"1997-12-23" -0.0176495211784835 -0.0294661136238816 -0.0388133746455548
"1997-12-24" 0.000887624003508947 -0.0361219870009757 0
"1997-12-26" 0.00885586886223466 0.015123306698948 -0.00352286460222206
"1997-12-29" -0.000879794582157256 0.0450359109435605 0.0226903891933472
"1997-12-30" 0.0122808957079319 0.0306974771572337 0.0263968471758402
"1997-12-31" -0.0202569699880093 -0.0077071672449378 -0.0135354045614635
"1998-01-02" 0.0332474586995875 0.0144010280646052 0.00848055766913491
"1998-01-05" 0.0254908206402513 -0.00573309409695044 0.0175833197286015
"1998-01-06" -0.0186265501063749 0.00573309409695044 -0.0133698592443690
"1998-01-07" -0.00514378051677911 -0.0119869230857117 0.00837810414457119
"1998-01-08" 0.0212519140562111 0.00721060839531606 -0.00921608957815767
"1998-01-09" -0.0333523786671628 -0.0271861403041567 -0.0247174753341577
"1998-01-12" 0.0508601742313477 0.0194937946810008 0.0272375262479501
"1998-01-13" 0.0172065394268972 0.0200660493315938 0.00335158122321833
"1998-01-14" -0.0196874414899542 -0.0075973890180423 -0.00419226029532815
"1998-01-15" -0.00165914045523419 0.00901625165516418 -0.0229486838992825
"1998-01-16" -0.00666422707590719 0.0219591246182831 0.009413279337819
"1998-01-20" 0.0190332868798349 0.0187684222907278 0.0293765784964060
"1998-01-21" 0.00572133277162701 -0.00591241418919397 0
"1998-01-22" -0.00244649082267046 0.0117900771001569 -0.00497520513098637
"1998-01-23" 0.00894830119601986 -0.00270736252583781 -0.0150758781610860
"1998-01-26" 0.00645463371777089 0.0250013022054176 0.0084021696524581
"1998-01-27" 0.0191227079810861 0.0239617566870578 0.0207056612326868
"1998-01-28" 0.0210885315792351 0.0259196066505396 0
"1998-01-29" 0.0138110306718433 -0.0050462680676242 0.0114115519755273
"1998-01-30" -0.0122659152384634 0.00630453651843377 0.00485051794514346
"1998-02-02" 0.0251435430430504 0.0374150569162075 0.013616080162548
"1998-02-03" 0.0383798677654488 0.00643605576629191 -0.0128092873169514
"1998-02-04" 0.0143804180717537 0.00599449934340512 -0.00890675589507595
"1998-02-05" -0.0122117548583311 -0.00880582151336062 -0.00244005303193973
"1998-02-06" 0.0120326384528564 0.0171402297500380 0.0129545168356242
"1998-02-09" -0.0200090643003463 -0.00594459818209181 -0.00807639061537913
"1998-02-10" 0.00508538257016999 0.0130352979755139 0.005661889861174
"1998-02-11" -0.0138678553615468 -0.00196362209199608 0.0120224047717032
"1998-02-12" -0.000733000914785009 -0.00118103458747543 0.000797155170545238
"1998-02-13" -0.0140684675012812 -0.00790517950711322 -0.00879601049487011
"1998-02-17" 0.00964488781455364 -0.0200394553377268 0.00320644224864441
"1998-02-18" 0.026960561722317 0.00161553433195438 0.00479241307568046
"1998-02-19" 0.0408515963022844 0.00161809405256053 -0.00799885532432487
"1998-02-20" 0.0137101713388716 0.00161032292862773 0.00480776739417621
"1998-02-23" 0.0255378657585545 0.0510528139154367 -0.00641681608734945
"1998-02-24" -0.0194293033173629 0.00610688920817948 -0.0121391788925562
"1998-02-25" 0.0174378241359521 0.0336743924421716 0.00487416019320763
"1998-02-26" -0.0181171335308834 0.00659950669576803 -0.00162340269106309
"1998-02-27" -0.0288482818311335 -0.00881062968215485 0.00969326936667514
"1998-03-02" -0.0232645105525604 -0.0171083486224273 -0.0153920377400873
"1998-03-03" -0.0267461399462716 0.0141541367249958 0.00893899268282894
"1998-03-04" 0.0131020145624370 -0.0262297697426743 -0.0122083587876656
"1998-03-05" -0.134464239987461 -0.0277154339884804 0.000823338082729386
"1998-03-06" 0.0333523850599038 0.0330176836251992 0.0242536352990324
"1998-03-09" -0.0399891582144773 -0.0388878138876119 0.00318852867971353
"1998-03-10" 0.0058115785881041 0.0236668198772563 0.00317839426986977
"1998-03-11" 0.00495688322855781 -0.0100181122913821 0.00317218647652506
"1998-03-12" 0.00656592159278091 0.0146087859999811 0.0023687003290056
"1998-03-13" 0.00326948841527219 0.00608829886725548 -0.0111126461784807
"1998-03-16" 0.0137695268998717 -0.00456274555841807 0.0134795931728440
"1998-03-17" -0.0121387825574208 -0.02001606470647 0.00784197616559723
"1998-03-18" 0.0032483100487819 0.0169626272195793 -0.00391330102872267
"1998-03-19" 0.00404950638201695 0.00305343748689069 0.00469488914109517
"1998-03-20" -0.0204135366194969 -0.00229042590198647 0.0193288133553700
"1998-03-23" -0.00911889597846782 0.0248987739295790 -0.0146558632371510
"1998-03-24" -0.00835974140970386 0.0125892739551006 0.0268314483996330
"1998-03-25" 0.0215948178591487 0.0446094106421109 -0.00759188560573065
"1998-03-26" 0.0275515607448491 -0.00635258407565109 0.00531814484180115
"1998-03-27" 0.00875604047830691 -0.0049709750760254 0.0128057414814129
"1998-03-30" -0.0191991897224431 0.00142475130786712 0.0214775928153381
"1998-03-31" 0.008847554804166 0.0176111532355621 0.010201900754236
"1998-04-01" -0.00723260343396337 0.00972905519811906 0.00289883966678728
"1998-04-02" -0.0146240559109176 0.0103189138910746 0.0150686462937832
"1998-04-03" 0.004900232757723 0.0183128987832522 -0.00428270656355112
"1998-04-06" -0.0381805241916910 -0.0334833966230348 -0.00645689051914289
"1998-04-07" -0.0170676870367652 -0.0303385354476844 0.00359269638393034
"1998-04-08" -0.00085858549168849 0.0191574391520044 -0.0115466100954138
"1998-04-09" 0.0162320078342812 0.000701369497599025 0.00434473580156025
"1998-04-13" 0.0333357945805370 -0.00422238487984838 0.00360917790992321
"1998-04-14" -0.00328560178515769 -0.0021167662733248 -0.00216394323076852
"1998-04-15" -0.0149095386386269 0.0326746994909759 -0.000722356251690481
"1998-04-16" -0.00670329752601306 0.00341522849387621 -0.0108877402382350
"1998-04-17" 0.0108674803681672 0.00475920394568163 0.0187981100302843
"1998-04-20" 0.0173057995305870 0.0267753612481121 -0.0129779840210738
"1998-04-21" 0.0313621133817970 0.00263852395818143 -0.000723006889427946
"1998-04-22" 0.0629086691601861 0.0412961903720239 -0.0102203520247874
"1998-04-23" -0.00971453103511966 -0.0452565915881209 -0.00884318387923022
"1998-04-24" -0.0143663366927127 -0.0254534839901965 -0.00668590804773217
"1998-04-27" -0.0254538895625789 -0.0198715794697981 -0.0172867593762023
"1998-04-28" -0.00863236267186096 -0.00485495499849176 -0.0160475644700671
"1998-04-29" 0.0101943646619453 0.0069300346646699 0.0145325670047107
"1998-04-30" 0.0085402053692647 -0.00415225510076755 0.034330848768521
"1998-05-01" 0.0161109111570150 -0.00556329668532873 -0.00220527023241379
"1998-05-04" -0.00152393862198075 -0.0175886448186628 -0.00737899048340207
"1998-05-05" -0.00152135321786551 -0.00355379175514647 -0.0126720792023480
"1998-05-06" -0.00612843007982944 -0.0157935802581410 -0.00300406820189547
"1998-05-07" -0.00461613194076849 -0.0353497778520460 -0.0144003968448230
"1998-05-08" 0.0371114926344913 0.0280875818102615 0.0159017250127933
"1998-05-11" -0.0187637078891849 -0.0176475168135783 0
"1998-05-12" 0.0246920181846213 0.0169195551207451 0.00300322522825569
"1998-05-13" 0.00295339831494656 0.0144824955814014 0.0141290062089916
"1998-05-14" -0.00295339831494656 0.0227443802999234 -0.00592359663840591
"1998-05-15" -0.0515651312630703 0.00560617518073503 -0.0179916653859875
"1998-05-18" -0.0117447549903882 -0.0384685608733375 -0.00151525259790519
"1998-05-19" 0.00236304451735903 0.0050717993958953 0.00453520537180774
"1998-05-20" -0.0327397886961682 -0.00870832789178433 0.033375651833484
"1998-05-21" -0.0380488922094431 0.00726219604178446 0.00291217290547241
"1998-05-22" 0.00252477500551329 -0.00945234777615322 -0.0109709372060376
"1998-05-26" 0.00503050664128901 -0.0229034158632881 -0.0260719422918418
"1998-05-27" -0.00503050664128901 0.0280047778051151 0.0112591068027359
"1998-05-28" -0.0109961471113098 0.00362597633459361 0.00743384500570388
"1998-05-29" -0.0284618184866114 -0.0175315140651899 -0.0119215551732319
"1998-06-01" -0.0493121011586575 -0.0126055878177356 -0.00601634187628486
"1998-06-02" 0.0182121522635068 0.0206802052375386 -0.00150699269312859
"1998-06-03" -0.0490178138500794 -0.0139874280391941 -0.0175275372145611
"1998-06-04" 0.033557539736782 0.0205436666384182 0.025800832949189
"1998-06-05" 0.0235510688265412 0.00217744136953080 0.0156062390805123
"1998-06-08" -0.00718535504885054 -0.00654193155825311 -0.00369356823590916
"1998-06-09" 0.0125449880522739 0.0159169785860049 0.00443136714540371
"1998-06-10" -0.0234295603596362 -0.0122778066857134 0.00514582741888736
"1998-06-11" 0 -0.0080274830360878 -0.0125411783857636
"1998-06-12" -0.00181979398500109 0.00511627282862959 0.0125411783857636
"1998-06-15" -0.0230974719992707 0.0021853654505275 -0.0162631026120232
"1998-06-16" 0.0429871933404846 0.0447983645446337 0.0162631026120232
"1998-06-17" -0.00809079471324381 0.0131251697667327 0.0267655407867373
"1998-06-18" 0.00629784783396081 0.00137393711599509 0.0042700780849394
"1998-06-19" 0.0044734818299168 0.0376641288848028 -0.0107165934688007
"1998-06-22" 0.0538818677926511 0.0118090611175936 -0.0101096771737215
"1998-06-23" 0.0184391945672404 0.0502500879004577 0.0229579539711486
"1998-06-24" 0.0278502014074427 0.0407236869586964 0.0189663991739861
"1998-06-25" -0.022876883373955 -0.0326924998773017 -0.000693311610153735
"1998-06-26" 0.00986777883323997 0.0279163759574397 0.00347531318730354
"1998-06-29" -0.00739301641650947 0.0283204500507135 0.00898170753230954
"1998-06-30" -0.0225073329864287 0.0086872211843656 0
"1998-07-01" 0.0142306302737043 0.00918490957707263 0.00343236341895903
"1998-07-02" -0.0261052582091525 -0.0196197868696522 -0.00274763189757765
"1998-07-06" 0.00318986529955145 0.00523012188089034 0.0102616016985335
"1998-07-07" 0.0220807308457571 0.00116060267952411 0.00813017986661224
"1998-07-08" 0.0415548223265390 0.0177900736368004 0.00739449523163938
"1998-07-09" 0.0181903218781549 0.0101868453069924 0.00867021226756615
"1998-07-10" 0 0.0195164178206930 -0.00332505623510837
"1998-07-13" 0.0323853888810133 0.0379226373164832 -0.00267063729631989
"1998-07-14" -0.0207005475621411 -0.00907798344375443 0.0159050364876872
"1998-07-15" 0.0432078989319011 0.0074826645226711 -0.0105741190890121
"1998-07-16" 0 0 0.0177797036265144
"1998-07-17" -0.0134444985335564 0.00478173350671351 0.00974516058052899
"1998-07-20" -0.0166776624869356 -0.00798173623738396 -0.0123584983793457
"1998-07-21" -0.00153093025281059 -0.036447672697542 -0.02719868162897
"1998-07-22" 0.00914573990354262 0.0343086344487924 -0.0169559843401568
"1998-07-23" 0.00227220740706979 -0.0326470778366659 -0.0151612366744920
"1998-07-24" 0.00604055405219617 0.00716366013698888 0.0185748464111581
"1998-07-27" 0.0354778665219744 0.025483417699677 0.003405313248666
"1998-07-28" -0.00509650719041588 -0.0393063699266429 -0.0129922679968000
"1998-07-29" -0.0117483075930664 -0.0140167076353377 -0.0145601110115949
"1998-07-30" 0.0348387900260394 0.0245410870144553 0.0200486651998908
"1998-07-31" -0.0370555584491346 -0.0313399738963867 -0.0207478073298537
"1998-08-03" 0.00443337488642692 -0.01373803977414 0.000699142129962915
"1998-08-04" -0.0344876733009198 -0.0369878209260888 -0.0464532938212425
"1998-08-05" 0.0263471358226184 -0.00179682864115049 0.0152471800794682
"1998-08-06" 0.0336057866588297 0.0242696844932091 0.0234954053468988
"1998-08-07" -0.00359776743315265 -0.00940077428470598 -0.00777062572304299
"1998-08-10" -0.000723894584304663 -0.0136693891065915 -0.00355184711996337
"1998-08-11" -0.0240969854780175 -0.00962123152734051 -0.0057114238809195
"1998-08-12" 0.0124850994446812 0.0155859270156986 0.0233492457409432
"1998-08-13" -0.00438650865731383 -0.010763740284645 -0.0169257480104585
"1998-08-14" 0.0109350691704995 0.00300114160957055 -0.00499170827319428
"1998-08-17" 0.0384110844521506 0.0289523461204579 0.0212173375764011
"1998-08-18" 0.0207197066556075 0.0360357142469807 0.0159665562866089
"1998-08-19" -0.0207197066556075 -0.00619985359255448 0.00549567078748847
"1998-08-20" -0.0405876179920757 0.0179276670866493 -0.00894460045852608
"1998-08-21" -0.0124302934788734 -0.0173616312123501 -0.00902532896319341
"1998-08-24" -0.00369004108745363 -0.00226244440396961 0.00139487118358872
"1998-08-25" -0.00240251499386668 0.0218426031760899 0.0062461969394283
"1998-08-26" -0.0169860359427316 -0.00221852755977014 0.0013842608401764
"1998-08-27" -0.039942651142173 -0.0298689005647441 -0.0437937598887128
"1998-08-28" -0.0350922202051112 -0.0373003614132092 -0.00797341478792735
"1998-08-31" -0.0784894140053436 -0.092640492436241 -0.070865366372574
"1998-09-01" 0.0654165078660776 0.0538947258603986 0.0330426288326318
"1998-09-02" -0.0149095386386269 -0.00681427564100456 -0.0283660512900932
"1998-09-03" 0.024734134729111 -0.0131365107783439 -0.033204845116936
"1998-09-04" 0.0193540034059376 -0.0268044126597138 -0.0244114633138524
"1998-09-08" 0.0456637967794213 0.0538293772321947 0.0761069357461372
"1998-09-09" -0.00804452463201288 0.00275391078313048 -0.0208280848848692
"1998-09-10" -0.0272922987820281 -0.0147785940961187 -0.0397485561201543
"1998-09-11" 0.0716807966488 0.0341496598521180 0.027990154071325
"1998-09-14" 0.0102490123054357 0.0166472334331567 -0.00157982785765798
"1998-09-15" 0.00145159654255211 0.0215805501088595 -0.0135185460916878
"1998-09-16" -0.0102340693339289 -0.00115288696372451 0.0229526507435227
"1998-09-17" -0.0245451315381109 -0.0305008694717133 -0.0205516423382481
"1998-09-18" 0 0.00415952853653057 -0.00480387734889343
"1998-09-21" 0.0193885509365983 0.0234477330815723 0.0175012428929646
"1998-09-22" -0.0126335791482663 0.0120943543460168 0.00785427679417694
"1998-09-23" 0.0410315901314089 0.0398360487480338 0.0510986426487907
"1998-09-24" -0.0203053609033748 -0.0312874682412989 -0.027895570336367
"1998-09-25" 0.0345627866070086 0.0263237944322228 0.0159294813897404
"1998-09-28" -0.0149735810429164 -0.0155992160107905 0.00600276852249815
"1998-09-29" 0.017093179931567 0.0139403490593732 -0.00826082806643758
"1998-09-30" -0.0315672607806952 -0.0252335340558103 -0.0407900862981174
"1998-10-01" -0.0273390559010092 -0.0560567584679985 -0.0515815710964254
"1998-10-02" 0.00522977542675518 0.00060138127366649 -0.00248650241013948
"1998-10-05" -0.0402909746290807 -0.0286158807852805 -0.0320177388783778
"1998-10-06" -0.0117080777733554 -0.0358426115418764 0.0102216107472399
"1998-10-07" -0.00709019747938822 -0.0365099220397922 0.0168085663794777
"1998-10-08" -0.00793513117473132 -0.0317047631961191 -0.046917825843205
"1998-10-09" 0.066280998921524 0.0605025647495725 0.0130175367627001
"1998-10-12" 0.0192023462593101 0.0292455680964618 0.0213235153048847
"1998-10-13" -0.0221910375930228 -0.033770888706107 0.0274654463929869
"1998-10-14" -0.0120400266424219 0.0381482614339168 0.0195128916775102
"1998-10-15" 0.0239368139390734 0.051074880237119 0.054828676376979
"1998-10-16" -0.00965683250506189 -0.00356484938091661 0.0218660548985556
"1998-10-19" 0.0148172040434043 -0.0204314799533312 -0.00523427630643969
"1998-10-20" -0.00516037153834237 -0.0264559132139754 -0.0135851479613636
"1998-10-21" 0.0291348028347573 0.059891831754284 0.0195618283079724
"1998-10-22" 0.00358230807785231 0.032921467851454 0.0308169658436332
"1998-10-23" -0.00143230540415606 -0.0335097788988783 0.000722873329420004
"1998-10-26" 0.0191583649129412 0.0064412551565054 -0.00797338656979374
"1998-10-27" -0.0184396530347763 -0.0152925333151419 -0.00437639018381297
"1998-10-28" 0.0215950770867517 0.00236826410913871 -0.00659891148030489
"1998-10-29" 0.00594068271800197 0.00883043296780261 0.0218314526135983
"1998-10-30" -0.00628778833400467 -0.00705885283962449 0.0078911202473333
"1998-11-02" 0.0290076323577204 -0.000591438147237611 -0.00143076018698229
"1998-11-03" -0.0150920283566318 -0.00592229219110418 0.0127933958517303
"1998-11-04" 0.0476877109088529 0.00296553028224444 0.00281974003546592
"1998-11-05" -0.00860877769606816 0.00825963397741702 0.0229752970715458
"1998-11-06" 0.0151750169676701 0.0272392510764021 -0.00482983711158269
"1998-11-09" 0.00587883763991837 0.0125019810170857 -0.0181454599599631
"1998-11-10" 0.0161432821778527 0.0123440400187533 0.0035143871929022
"1998-11-11" 0.0608897081758046 -0.00896365348523709 -0.0212775089632613
"1998-11-12" -0.00969137977721424 -0.0210405355517489 -0.00647078739586648
"1998-11-13" 0.0102959208288489 0.0114286958236232 0.0178774111759803
"1998-11-16" 0.0296725737142696 -0.0108550672764931 0.0251938465128787
"1998-11-17" 0.0150905836779862 0.0277568780790958 -0.00484991277897606
"1998-11-18" 0.0125934611783332 -0.0191771246397385 0.0192567727235091
"1998-11-19" 0.0269382390894388 0.0180591815383977 0.00881719342380949
"1998-11-20" -0.0072226219170819 0.0166393190039642 0.00135063038959737
"1998-11-23" 0.0132968553564896 0.0477951698768013 0.0206886854624124
"1998-11-24" -0.0279041469087731 0.0207583825347299 -0.0039708939827805
"1998-11-25" -0.00624665466881025 0.0208385600675642 -0.0113399870247828
"1998-11-27" 0.00227536377767201 0.0302219801533594 -0.00943187520560196
"1998-11-30" -0.0218278868471962 -0.0484966003968408 -0.0212125015698574
"1998-12-01" 0.0662806026303953 0.0596598364063361 0.0082645376378272
"1998-12-02" -0.0125772779832878 -0.0214642386683002 -0.00206141754344102
"1998-12-03" -0.0364313544448862 -0.0371715321083457 -0.0321246770559123
"1998-12-04" 0.0603555472692849 0.0420903811799418 0.0231525912548083
"1998-12-07" 0.0223181063970692 0.0474332928230483 0.0075988028183005
"1998-12-08" 0.00941450129773225 -0.0179404245176293 -0.00413794854891236
"1998-12-09" -0.0073147169187111 0.0184090094969012 -0.00484991277897606
"1998-12-10" -0.0390310720101348 -0.0155561055638094 -0.0175142174257377
"1998-12-11" 0.0156873193070615 0.0183585361695116 0.00704116887498252
"1998-12-14" -0.0427670540575318 -0.0462971548980518 -0.0255878831404495
"1998-12-15" 0.0384635617307754 0.0303118591774716 0.0701951440061794
"1998-12-16" -0.0157555108182339 0.0141178815457854 -0.0121541263615197
"1998-12-17" 0.0238111459041401 0.00466201310581127 0.0248225176280301
"1998-12-18" 0.0263872925227218 0.0252589411353918 0.0268105042628668
"1998-12-21" 0.0221475314274122 0.0188699219885002 0.0153652510812914
"1998-12-22" -0.0299925550590179 -0.0143435794189957 0.00696375832712226
"1998-12-23" 0.048664606524925 0.0363501013015188 0.0230730986769179
"1998-12-24" 0 -0.0127048412804811 -0.00432250165127401
"1998-12-28" -0.0232658656228817 0.0043994791594848 0.00740289014205286
"1998-12-29" -0.00874000254768426 -0.0132569329935457 0.0152523324581013
"1998-12-30" -0.0156093973015516 -0.0107335556431094 -0.00912285883090957
"1998-12-31" -0.00525775121661143 -0.00225001139262293 -0.00305854479769208
"1999-01-04" 0.0187999196623623 0.0165359686400999 -0.0141928828328224
"1999-01-05" 0.0199771142113270 0.0382655380789538 0.0209099701118012
"1999-01-06" 0.0494639088022444 0.0319086684538288 0.019290307228943
"1999-01-07" -0.00193240977499665 -0.00497101272202016 -0.0168596819495126
"1999-01-08" 0.00338082011125751 -0.00416147084125207 -0.00547798366944674
"1999-01-11" 0.0747274140849155 -0.015973437567804 -0.0266027593319116
"1999-01-12" -0.0304244278291668 -0.036680863338149 -0.0196276244746620
"1999-01-13" 0.0250431402943256 0.0113623600037691 -0.0122232712169117
"1999-01-14" -0.0385023418791604 -0.0144447298376331 0.00516568982492505
"1999-01-15" 0.0120765720546134 0.0549022943876967 0.0372866143359145
"1999-01-19" 0.0291200333695416 0.0384820302234141 0.00680014995264733
"1999-01-20" -0.00810466608220839 0.043997669613697 -0.0105291822840581
"1999-01-21" -0.0349628866710034 -0.0268766407330361 -0.0106412267463445
"1999-01-22" -0.0352592918461494 -0.0131130074831223 -0.0145797779218655
"1999-01-25" 0.0134879728646284 0.0353671438372913 0.0264665731881633
"1999-01-26" 0.047193519949869 0.0581226163719171 0.0148150857851408
"1999-01-27" -0.0310561377565923 -0.0172697342977992 -0.00491501685915052
"1999-01-28" 0.0328801637869418 0.0313779846866087 0.0189092775028477
"1999-01-29" 0.026968511097043 0.00573067470898536 0.0138011210500522
"1999-02-01" -0.0219680696059990 -0.0118551381329519 -0.0259603268593973
"1999-02-02" -0.0238548347360714 -0.0312014941887195 -0.00183505483435198
"1999-02-03" 0.0301754447701237 -0.00485951391273876 0.00854283437547565
"1999-02-04" -0.0637259915749682 -0.0475732496281536 -0.0270962422712233
"1999-02-05" -0.0198915506017396 0.00587723717287592 -0.0214508888745488
"1999-02-08" 0.0341979813379485 0.0322856634979694 -0.00447479698948472
"1999-02-09" -0.0519926105797079 -0.0318957395282018 -0.0161455280566538
"1999-02-10" 0.0275481744981247 0.00350871644589024 0.0199818479013958
"1999-02-11" 0.0338685943589905 0.0131428254391945 0.0208391295312795
"1999-02-12" -0.0519843020217658 -0.0312037796673561 -0.0240345189106663
"1999-02-16" -0.000988209879584812 -0.00955421280481161 0.0139852001447447
"1999-02-17" -0.0139449146031390 -0.0408219945202557 0.00315108209824277
"1999-02-18" 0.0276949043061636 -0.0287424688656532 0.0131308142751356
"1999-02-19" -0.000486148692660393 0.0136288310556054 -0.00248958752879114
"1999-02-22" 0.0364198548740138 0.00716479597408792 0.035479718130047
"1999-02-23" 0.0107653123055216 0.0435579126485166 -0.0096638763432435
"1999-02-24" -0.029288515928958 -0.0166237709014760 -0.0196064769083342
"1999-02-25" -0.0203403807542699 0.00407997301991614 -0.00620936487846935
"1999-02-26" -0.0631052730837607 -0.0222322866271050 -0.00062336653384909
"1999-03-01" -0.0242626826807428 0.0107661495394602 0.00621322479173747
"1999-03-02" -0.0639312409620447 -0.0212293579367966 -0.0162310850042329
"1999-03-03" 0.0434360701806713 0.00712709187532656 -0.00567849849054936
"1999-03-04" -0.0115105179706685 0.0173917427118688 0.0175683298330225
"1999-03-05" 0.0109638898813982 0.0174985486267358 0.031225218486683
"1999-03-08" 0.0426949852661243 0.0258817470034893 0.0107914242542133
"1999-03-09" -0.0367158680924504 0.0175334372921068 0.0112664853648408
"1999-03-10" 0.013462087830447 -0.00270679034553201 -0.00236318840544891
"1999-03-11" 0.0106372887464219 0.000387841123827393 0.0123363477714991
"1999-03-12" 0.0010571921487883 -0.0077730618981029 0.00291411816586518
"1999-03-15" -0.00317493533154423 0.0348888642598411 0.0252895329081495
"1999-03-16" 0.0209849560361715 0.0190333848910269 -0.00113663783712115
"1999-03-17" 0.00103744311290876 -0.0115258421212916 -0.0143068113311644
"1999-03-18" 0.0108336092382477 0.0312933964754905 0.0143068113311644
"1999-03-19" -0.0233579078239532 -0.00727540071966981 0.0180193475680435
"1999-03-22" -0.0331046392964240 0.00944658187671443 -0.0146160670019690
"1999-03-23" -0.00489763199427262 -0.0368365990698933 -0.0351523367985962
"1999-03-24" 0.0401000161419298 0.0277544631575859 0.00175940791975204
"1999-03-25" -0.0110676922856312 0.0494856469784297 0.0162595066319917
"1999-03-26" -0.0106543015898617 -0.0101245730978494 -0.00635607015358319
"1999-03-29" 0.0409285849927374 0.0365180088053965 0.0381055594024047
"1999-03-30" 0 0.00674311388489013 0.0116492182397661
"1999-03-31" -0.0223548609052746 -0.0369651942334714 -0.0240037685653025
"1999-04-01" 0.0166840344774015 0.0335993209783663 0.00900073348090125
"1999-04-05" 0.0533593619463466 0.0239851604578405 0.0265207721441807
"1999-04-06" 0.0227759404808365 -0.0092593254127964 -0.0115177370597794
"1999-04-07" 0.0128564521287862 -0.00800537964378645 0.0104257460387629
"1999-04-08" -0.0080752825139685 0.0133069162491664 -0.005472554755523
"1999-04-09" -0.00190849707065954 -0.00331016522045502 -0.0149310696124858
"1999-04-12" -0.0656562626951067 -0.0133513331748638 0.037720886414204
"1999-04-13" -0.0123185599571616 -0.0314018975481432 0.00374614027969589
"1999-04-14" -0.0595941942471949 -0.0483048450625994 -0.0248921137598241
"1999-04-15" 0.0249098862604766 0.0343381375808915 -0.0137937308236622
"1999-04-16" -0.0205318495919395 -0.0256424306133383 -0.0111714416592519
"1999-04-19" -0.0310457122582832 -0.0671393028376279 -0.0602040495543283
"1999-04-20" 0.0189659002945843 0.0258963443035789 0.0426344970900034
"1999-04-21" 0.0326116615556384 -0.0136262517117647 0.0381406454514148
"1999-04-22" 0.0510777398399846 0.0351964446471094 -0.00275512657092314
"1999-04-23" 0.00405833467938521 0.0124316043421446 -0.00331674367495394
"1999-04-26" 0.0425995996527289 0.0229895182246995 0.0055236025162424
"1999-04-27" -0.0345352357859587 -0.0465200156348935 -0.00885138359820337
"1999-04-28" -0.0172180674242144 -0.0225743220385386 -0.00892769423662099
"1999-04-29" -0.00614494878151195 -0.000761324741759495 -0.0353724418065777
"1999-04-30" 0.00614494878151195 -0.0091813957902911 -0.0211274858904069
"1999-05-03" 0.0311736975123833 -0.0178368435750249 0.00237158833970375
"1999-05-04" -0.0230354769010481 -0.0229531248119033 -0.00653254236606582
"1999-05-05" 0.037288550350846 0.0135190925785444 0.037985189842249
"1999-05-06" -0.0697586452068655 -0.0151216570240855 -0.00690448302195934
"1999-05-07" 0.0207239051804011 0.0143314554815843 0.0154671957851447
"1999-05-10" -0.00514002380318557 0.00787405643090633 -0.0108607847961588
"1999-05-11" 0.0274558112758063 0.00235017734495369 0.0199147959720203
"1999-05-12" 0.00300177339548391 0.00779427172681846 -0.00678350391081617
"1999-05-13" -0.0397807463251718 -0.0172283039601773 -0.00797082803408866
"1999-05-14" -0.0349414982508556 -0.0288481543376582 -0.0313613218141264
"1999-05-17" 0.0244839568908968 0.0288481543376582 0.00294501889558285
"1999-05-18" -0.00845026238696223 -0.00554456865977482 -0.0190038492869706
"1999-05-19" 0.0126470840235871 0.00791143367004121 0.0353392648181967
"1999-05-20" -0.0340818253510968 -0.0110936161485036 -0.0145737050117454
"1999-05-21" -0.0119888131823904 -0.0112180663612769 -0.0219633629037546
"1999-05-24" -0.0188168897093379 -0.00403714718697135 -0.00602242366704875
"1999-05-25" -0.0563047150618634 -0.013029500290334 -0.0109290381358198
"1999-05-26" -0.0227170338712166 0.0290812093008421 0.00729928080549458
"1999-05-27" 0.0274335144662028 -0.00159362583527844 -0.0239185968818303
"1999-05-28" 0.0174922180541515 0.0290786696537761 0.00988167913566596
"1999-06-01" -0.064460285073578 -0.0274850438184977 0.0085689456765361
"1999-06-02" 0.0243630086932884 -0.000796495462259905 -0.00488797278751285
"1999-06-03" -0.0280695974820064 -0.0266467118343439 0.0079297550493651
"1999-06-04" 0.051849364579605 0.0408874588258659 0.0192554001785932
"1999-06-07" 0.00468884144765225 0.0086038856924997 -0.00418082505218909
"1999-06-08" -0.0332970646853155 -0.0109633047972695 -0.0199476661241227
"1999-06-09" 0.0274335144662028 0.0363395222906444 0.0030473493212928
"1999-06-10" 0.0414798503556786 -0.0300600668058006 -0.0165683270642720
"1999-06-11" -0.0170740537598788 -0.0221528046411335 0.00339591670695683
"1999-06-14" -0.00114771806784386 -0.00722604509173941 0.0234685991155144
"1999-06-15" 0.0238513525825548 0.00161030630610348 0.00420554030568798
"1999-06-16" 0.0693663315991917 0.0417547854015092 0.0248827403872496
"1999-06-17" -0.0286807785275216 0.0228842938335871 0.0150999115366917
"1999-06-18" -0.054247248621071 0.0253178079842904 -0.00810281503949373
"1999-06-21" 0.0335619695777156 0.0452826193597549 -0.0187669076372123
"1999-06-22" -0.0200002740283147 -0.0277894619122376 0.00295546528447010
"1999-06-23" 0.0155906038766402 -0.00579711768432656 -0.000590971415625141
"1999-06-24" -0.0268779906402483 -0.0161175650210685 0.00882239182625577
"1999-06-25" 0.00452952876100232 0.00368596067892391 -0.0219012272033932
"1999-06-28" 0.0300535510683102 0.0211147269156058 0.0166165630351358
"1999-06-29" 0.0387137541786582 0.0143063956512384 0.0324298345133922
"1999-06-30" 0.00421007691052511 0.0245540220558826 0.0297518326976944
"1999-07-01" 0.0551713095618029 0.0110269897489150 -0.0133631793777034
"1999-07-02" 0.00989180551246127 0.00887075076603594 0.0105943228978975
"1999-07-06" 0.00588908315537706 -0.0268518714606500 0.0110350775796686
"1999-07-07" 0.00779646816413626 0.0302428547032081 0.0345036509561853
"1999-07-08" 0.0211335886699420 0.00270453173641894 -0.00797953255630768
"1999-07-09" 0.0075780178322673 0.00739996649590768 0.00106606066832171
"1999-07-12" -0.0123409227749085 0.0100034178627890 -0.0150530739926262
"1999-07-13" -0.000954695038261733 -0.00599003454933023 0.00162248471242910
"1999-07-14" 0.0393650503005394 0.0139213385186077 0.00216273897498098
"1999-07-15" -0.00460494808981293 -0.00594257278680299 0.0149966267570076
"1999-07-16" -0.00834631422652743 0.0522530985288174 0.0111036255456991
"1999-07-19" 0.00649659791108315 -0.0107425993604391 0.00941914972632274
"1999-07-20" -0.0396250778481826 -0.0528326314381582 -0.0205227752720218
"1999-07-21" 0.00957604708291626 0.0146279204042798 -0.00532959858359972
"1999-07-22" -0.0260738119831911 -0.0390359117482646 -0.0167077933238184
"1999-07-23" 0.00487912918011579 -0.00896248674243338 0.00162777108234335
"1999-07-26" -0.0206600178479541 -0.0295172518582367 -0.0103631733388538
"1999-07-27" 0.0719037314162958 0.0134610605025651 0.0195444924653301
"1999-07-28" 0.0398980528977253 0.013282264472946 -0.0195444924653301
"1999-07-29" -0.0116237463146462 -0.0346202006466036 -0.0176976652936753
"1999-07-30" -0.0072194734013018 -0.0130247861554720 -0.0271507891158387
"1999-08-02" 0.0329637433184864 -0.0117217459331016 -0.0103746549770829
"1999-08-03" 0.0225330436316922 -0.000737191334527765 0
"1999-08-04" -0.00130567380564983 0.00220994565080268 -0.0104834178055615
"1999-08-05" -0.0190645743936129 0.00952039413468686 0.0260039224444499
"1999-08-06" 0.00174875028601118 -0.00731532157637282 -0.0236657084418961
"1999-08-09" 0.0258653126479182 -0.0155386034277791 -0.0182737846236254
"1999-08-10" -0.0232493064729948 -0.0104948489494712 -0.00178478042842967
"1999-08-11" 0.0575455960624947 0.0149591420781565 0.0112568939809528
"1999-08-12" -0.000821620011321578 -0.0293806443932203 -0.00947211355252309
"1999-08-13" 0.0489858492203163 0.0353022012966573 0.0252586328314477
"1999-08-16" -0.0150027217971473 -0.00443787710604493 0.0189619021566814
"1999-08-17" 0.00555367332051304 0.00296077196303202 0.014687589493394
"1999-08-18" -0.0063484833299361 0.00516035055930963 0.00224270531328941
"1999-08-19" -0.0152434396736756 -0.0140690954484191 -0.00617683438642569
"1999-08-20" 0.0333887208317538 -0.00523365680610954 0.0161991128033749
"1999-08-23" 0.0368428609016376 0.0360731051891889 0.0327002147700375
"1999-08-24" 0.00225762103092775 0.0644029371091621 0.000536481401542499
"1999-08-25" 0.00674484032828548 0.0333364202675916 0.0227801343972436
"1999-08-26" -0.0318684605912467 -0.0072392550441176 -0.00314793895948995
"1999-08-27" 0.0236207180746280 -0.0146376532336880 -0.0201686768392961
"1999-08-30" -0.00907735779581698 -0.0107817756032889 -0.0200388750545741
"1999-08-31" -0.000761603505038178 0.00338180910738117 -0.017104195163002
"1999-09-01" 0.0150940774657808 -0.0020277127596513 0.0121673149616628
"1999-09-02" 0.0222246963183133 -0.00610792533426974 -0.00661884930882284
"1999-09-03" 0.0458196833950679 0.0432968057533243 0.0302534511290937
"1999-09-07" -0.019074858692397 -0.0170944333593006 0.028840514324874
"1999-09-08" -0.0194457959682919 -0.0214485434074838 0.00882845628785534
"1999-09-09" 0.0208717175370334 0.0194571720225589 -0.00935066214817315
"1999-09-10" -0.00428387899782567 0.00991743665734557 -0.00470704485433293
"1999-09-13" -0.0349362852353785 -0.0119127815162416 -0.00525931311580008
"1999-09-14" 0.0168924290321728 0.0125704599352128 -0.0154048290003654
"1999-09-15" -0.0333228235536200 -0.0259754864032606 -0.00644466601508231
"1999-09-16" -0.00452959364732441 0.0147356986537526 0.0107190182336572
"1999-09-17" 0.0239170347991138 0.0256003478533762 0.0231840239903911
"1999-09-20" -0.00666748454566735 0.0115980681522707 0.0165275095557487
"1999-09-21" -0.0248423197484082 -0.0305714865180375 -0.0227970745939059
"1999-09-22" 0.00985891920079451 0.0150773095412013 -0.00210032990905784
"1999-09-23" -0.0663011775445268 -0.05208119501581 -0.0190884812617509
"1999-09-24" -0.0238693079368879 -0.00274536891719279 0.0106505252504450
"1999-09-27" 0.0327023811498250 0.00548322141453106 0.016807850958521
"1999-09-28" -0.00883307321293714 0.0074906717291583 -0.0136323681601276
"1999-09-29" -0.0302923614025019 -0.0289077252286916 -0.0165031826264483
"1999-09-30" -0.0117064658464376 0.0118015948000920 0.0180871506292299
"1999-10-01" 0.00837495650180031 -0.00640389810792819 -0.0100666349400238
"1999-10-04" 0.0271521129621783 0.0282477700550441 0.022638693805884
"1999-10-05" -0.0106070930429460 -0.00813563809392104 0.00725968409401112
"1999-10-06" 0.00979614863945688 0.0202163219287197 0.0224849661037907
"1999-10-07" -0.0172074189274931 0.000666888987703729 -0.0147617361486763
"1999-10-08" 0.000825013609116354 0.0125871155054718 0.0233147592306087
"1999-10-11" 0.0106794353125186 -0.00660504382792393 -0.0131123428304507
"1999-10-12" 0.00244736585006722 -0.0187296445000502 -0.0143142158158751
"1999-10-13" -0.0613378729109648 -0.0163380080725934 -0.0150451143445944
"1999-10-14" 0.0167551276910998 -0.00412655331101774 0.00469230425719136
"1999-10-15" -0.0342374328424033 -0.0293727409855071 -0.037098975618616
"1999-10-18" -0.021391526727657 -0.00213143952807027 0.0160687508659350
"1999-10-19" -0.0632180830984712 -0.017940918961318 0.00371294284668977
"1999-10-20" 0.0712943424987973 0.0665278517511254 0.0297268507003112
"1999-10-21" 0.0247129101739447 0.00876902752359143 0.0132729873772965
"1999-10-22" 0.0241196151516796 -0.00403769054607661 0.0190871038925966
"1999-10-25" -0.0302415273403245 -0.00270087942713282 -0.00298950976044976
"1999-10-26" 0.00262746440639505 -0.000676361202652132 0.00298950976044976
"1999-10-27" -0.0283954164519686 -0.0163714434146831 0.0221397253036684
"1999-10-28" 0.0388395580441125 -0.0110651198124723 0.034906820656313
"1999-10-29" 0.0702054367442115 0.0294642759868067 0.0186238581183700
"1999-11-01" -0.0187392258129262 -0.0020277127596513 -0.0462568004768547
"1999-11-02" 0.0195449368187162 0.0020277127596513 -0.00290273223423476
"1999-11-03" 0.029006774216191 -0.00609551497897698 0.0182440279745832
"1999-11-04" 0.022471793697306 -0.00272109011436061 0.00379709438722964
"1999-11-05" 0.00991260619279544 -0.00204568772329328 0.0141177626155806
"1999-11-08" -0.00303920463413476 -0.0179068145638004 0.00186891659546884
"1999-11-09" -0.0254335069387466 -0.0118840965241809 -0.00467656923113458
"1999-11-10" -0.0133595983311832 -0.0198870190427174 0.00467656923113458
"1999-11-11" 0.0055208602825223 0.0282904298390969 0
"1999-11-12" -0.0417714117549242 -0.00489340368272995 0.0102080538459299
"1999-11-15" -0.0282878003646232 -0.0248327765824712 0.000923677292297143
"1999-11-16" 0.0331972844076396 0.00358551836259657 0.0299883287867782
"1999-11-17" -0.0239597045972357 -0.0268423805268636 0.0111287922264101
"1999-11-18" 0.04894965184628 -0.000735564578953962 -0.0129201606740867
"1999-11-19" 0.0173650398173928 0.0124316043421446 -0.0121825004674982
"1999-11-22" 0.00779347219723725 0.043376867585736 0.0179954740771677
"1999-11-23" -0.0188073918342888 -0.00208986491945851 -0.0184498689141948
"1999-11-24" 0.0395549933238977 0.0227517569834159 -0.00546444587889949
"1999-11-26" -0.0238577055865399 -0.00615386557437869 -0.0091727942558446
"1999-11-29" -0.0164899284154090 -0.0103413537947326 -0.0186065186724411
"1999-11-30" -0.0289172737302783 0.00948392183310887 -0.0227927981620155
"1999-12-01" -0.00490146280911485 0.0232388341577590 0.0330698793973077
"1999-12-02" 0.0162456375509725 0.0172876645837938 0.00139193381091562
"1999-12-03" 0.0144013377088976 0.0137481707170570 0.0115344182365908
"1999-12-06" -0.0103795454581186 -0.00717784484695727 0.00719844948456583
"1999-12-07" -0.00886783202153829 -0.0258720898255946 0.0199522796468128
"1999-12-08" -0.0354387372323353 -0.0135320062185764 0.00899974614591459
"1999-12-09" -0.0169191312365999 0.0108402145528643 0.0161291400182342
"1999-12-10" -0.0137472571637947 0.0120564085967549 0.0266322270577088
"1999-12-13" 0.0247785532329359 0.0288733968232870 0.00928405432967594
"1999-12-14" -0.0221856402733729 0.0211207851082751 0.00711407953629895
"1999-12-15" 0.0859313514323468 0.094220289065695 -0.0378198076455898
"1999-12-16" 0.0164899284154090 0.0472792732080043 0.0226936136177245
"1999-12-17" 0.0223357933022910 0.0136458275871973 0.0283829393441408
"1999-12-20" -0.0122618831392209 -0.0219307034939700 0.00911354360947314
"1999-12-21" 0.0221143713262713 0.0273390455032310 0.0292355615846325
"1999-12-22" -0.00453711378889743 0.0144538301093018 0.000398212302676448
"1999-12-23" 0.00754885119708071 -0.00105531924687874 -0.00237809479518791
"1999-12-27" 0.0230395968572128 0.0142628272259246 0.0126189558718801
"1999-12-28" -0.0245443317414562 -0.0137350283901529 -0.0142068532888557
"1999-12-29" 0.0104859032115123 0.00372072906921961 -0.00438122552363307
"1999-12-30" -0.00223654276926988 -0.00265746474788919 -0.0100303747493067
"1999-12-31" -0.0165673392824583 -0.00746670135653726 -0.00161549968840369
"2000-01-03" 0.0553853230000572 -0.00161157626430786 -0.0311745856054300
"2000-01-04" -0.047821771012595 -0.0343596043561964 -0.0408214859830598
"2000-01-05" 0.0082555607009236 0.0104842483591199 -0.00173901284886568
"2000-01-06" -0.0600629498209533 -0.0340675984952057 0.0132816173768435
"2000-01-07" 0.0404392763554027 0.0129880166408434 0.0379897079375358
"2000-01-10" 0.0447170242385582 0.00726014418910381 -0.000411452088780351
"2000-01-11" 0.0448963927032535 -0.025946181944585 0.00165083561893464
"2000-01-12" 0.0172709047162298 -0.0331184101352227 0.00329552527460741
"2000-01-13" -0.00205779729920375 0.0187250349912089 0.0114465796227265
"2000-01-14" 0.123791214461141 0.0403395570885987 -0.018048526578053
"2000-01-18" -0.00913807334842431 0.0269129715597218 -0.0200673309457429
"2000-01-19" -0.0204034237950235 -0.0748126637201798 0.00484546296007116
"2000-01-20" -0.0453611520196526 -0.00938974034983886 -0.0188780783662406
"2000-01-21" 0.0238958733023873 -0.0214549350012589 -0.0124990713550219
"2000-01-24" 0.00889367881064906 -0.0243914531241591 -0.0425214158468745
"2000-01-25" 0.0274514320185606 0.015309371739332 0.00271122145599811
"2000-01-26" -0.0511311210987988 -0.034001504751485 0.0209869941906238
"2000-01-27" 0.0166994908596054 -0.00630916919326463 0.00220878842450123
"2000-01-28" -0.0429492208758635 -0.00507615303186082 -0.0562259137154246
"2000-01-31" 0.0511935122273974 -0.00382409643840287 0
"2000-02-01" 0.0249559394335401 0.0504357109314277 0.0148156550432126
"2000-02-02" -0.013648432657825 -0.0208694690716849 -0.0143489722049144
"2000-02-03" 0.0406972782145996 0.0275212172847485 0.0379639381586738
"2000-02-04" 0.00538510466102293 0.0279483619292575 0.0164706051994123
"2000-02-07" 0.0299740864339899 0.000591030427126604 -0.0364173790532272
"2000-02-08" 0.00807431307848283 0.0305985647142499 0.0041134787626298
"2000-02-09" -0.0392438637880481 -0.0555256713847205 -0.0221306430674888
"2000-02-10" 0.028270393862567 0.0190481949706944 0.0102032921344639
"2000-02-11" -0.0163928395138999 -0.0588941035178943 -0.0125366060187799
"2000-02-14" 0.0370841168297198 -0.00313185348379363 0.00466119608631077
"2000-02-15" 0.0191550243174587 -0.0107222723871221 0.0229899826815569
"2000-02-16" -0.0439189196443541 -0.009557256563407 -0.0135005708792573
"2000-02-17" 0.0259004467003132 0.0202795289505291 -0.0349261754814982
"2000-02-18" -0.0429543936177512 -0.0468785670908671 -0.0458851279956605
"2000-02-22" 0.0129646748401351 -0.0132364606258308 0.0353320338562138
"2000-02-23" 0.0214311706633574 0.00465271693443903 0.00672826592835207
"2000-02-24" 0.0464680220008411 0.00529101763441542 0.00382482821109464
"2000-02-25" -0.00879124216007554 -0.0369541544516174 -0.0379233643797825
"2000-02-28" -0.00775669707424775 0.0027341097004685 0.0259239374070916
"2000-02-29" 0.0055458698619022 -0.0241807981972144 0.0224400103323141
"2000-03-01" 0.0251245938469999 0.0159559403163296 -0.00758211282212784
"2000-03-02" -0.00107889540591799 0.0278267021224794 0.0290694856347522
"2000-03-03" 0.0297893605193238 0.029025784372827 0.0300428461293922
"2000-03-06" -0.015848579120207 -0.0589193146509697 -0.0139968489489735
"2000-03-07" -0.0139407813991168 0.0245243898630845 -0.0561148697680927
"2000-03-08" -0.00704569906780961 0.0285259806513585 0.00288180245140213
"2000-03-09" 0.029470076401223 0.0453897022988103 -0.0101240354239058
"2000-03-10" 0.015195231312215 0.00995033085316788 0.0206193837449833
"2000-03-13" 0.0159914413820408 -0.0301530381706874 -0.0172333040372834
"2000-03-14" -0.0354194742633851 -0.0297756624887224 -0.0190095724317545
"2000-03-15" 0.0194280328813443 0.00262467342277084 0.0503805174001863
"2000-03-16" 0.0397609167376327 0 0.0399049465202341
"2000-03-17" 0.0377585623339955 0.0410840833698751 0.00627586908548361
"2000-03-20" 0.0387018843283276 -0.0203310687835838 0.00756688712588671
"2000-03-21" 0.0251450503796979 0.0537293491854323 0.06564662821506
"2000-03-22" 0.0398278329844537 0.00485437846479808 0.00248855827558270
"2000-03-23" -0.0100278783853538 0.0802289447538769 0.0587219256816232
"2000-03-24" -0.0252958136180919 -0.00167290690867272 -0.00587556319308602
"2000-03-27" 0.0257330501496318 -0.0707223943279311 -0.00709771000859538
"2000-03-28" -0.0503023950737367 0.00239953276275617 -0.0123435079314027
"2000-03-29" -0.0284997052291223 0.0271978939512394 0.0438928976186319
"2000-03-30" -0.0376677396037577 -0.036221148728556 -0.0264198195007483
"2000-03-31" 0.0381421301272775 0.0274316544606714 -0.0198797804442363
"2000-04-03" -0.00999748614484108 -0.156309871950843 0.0339552058430854
"2000-04-04" 0.0161366166871764 -0.025776418402784 -0.0444523655775373
"2000-04-05" -0.0218955466016615 -0.025010235363065 -0.00447388057941733
"2000-04-06" -0.000481926231366003 -0.00435098583432669 0.0229696613358743
"2000-04-07" 0.0525202044778368 0.0349910742094623 0.0122750973945869
"2000-04-10" -0.0424589145803269 -0.034264593974096 0.00392895416094197
"2000-04-11" -0.00286433957645382 -0.0257461811970279 0.0136263150233438
"2000-04-12" -0.0702914174823022 -0.0551441380789903 -0.0306261878782523
"2000-04-13" -0.00617367428018323 -0.00157604445546511 -0.0406898002203944
"2000-04-14" -0.0918069760844658 -0.0668545554395008 -0.0320690766070277
"2000-04-17" 0.107168649959963 0.0233343920617726 0.0419863665456446
"2000-04-18" 0.0476279731483578 0.0599460313197442 0.0291750658526202
"2000-04-19" -0.0801630775863611 -0.0235489688948407 -0.00640953234989716
"2000-04-20" -0.0314610157628730 0.00317208830614391 0.0191085769628927
"2000-04-24" 0.00647862671952826 -0.169576517624701 0.0222280869203439
"2000-04-25" 0.073646849321964 0.0404466895805893 0.0240062793881095
"2000-04-26" -0.034074132233231 -0.0200188668904913 -0.0167053748678505
"2000-04-27" 0.0365708083694773 0.0263053716533124 -0.0107787162520623
"2000-04-28" 0.0118989835202008 -0.000895656127944733 -0.0266685023927944
"2000-05-01" 0.00246103617209847 0.0515172836370033 0.0134241069337451
"2000-05-02" -0.0478312427807213 -0.0497267728632149 0.0105314648155916
"2000-05-03" -0.0174423220764339 0.0097909104346181 -0.0315341617474174
"2000-05-04" 0.00418963691823748 -0.00177305010988604 -0.0133047424385810
"2000-05-05" 0.0313894841840048 0.00971310064649966 0.0256414023388620
"2000-05-08" -0.0477258048540099 -0.0186258156170753 -0.00436037497552277
"2000-05-09" -0.00586245215421766 -0.0290665330946407 -0.00597624128837504
"2000-05-10" -0.0976105073277052 -0.0242549203731537 -0.0292007012125723
"2000-05-11" 0.0857814795157315 0.0251761548924749 0.00615477765011674
"2000-05-12" -0.00487881782202937 0.0137176362287992 0.0254410969445686
"2000-05-15" 0.0268110268185096 0.00814115758369915 0.0329436510586865
"2000-05-16" 0.0312522823574852 0.00180018050414787 0.00461887641975078
"2000-05-17" 0.0107120562582059 -0.0264252278095372 -0.0115874403671121
"2000-05-18" 0.00607073986884998 -0.022409901399584 -0.00936760719799556
"2000-05-19" -0.0501540455549012 -0.0171432769864373 -0.0238102796359549
"2000-05-22" 0.00423345361169503 -0.0135398586864106 -0.0368154190802792
"2000-05-23" -0.0745149740249929 -0.0157019909080871 0
"2000-05-24" 0.0660317767492833 0.0368973893758255 0.0148884020649187
"2000-05-25" -0.0188133972822477 -0.063966711344043 0
"2000-05-26" 0.0204093815451065 -0.00101677690508684 -0.0236757563569499
"2000-05-30" 0.0673255917175135 0.0310490640039616 0.0334816041198502
"2000-05-31" -0.00848528661730086 -0.0129034048359076 0.026475259165609
"2000-06-01" 0.0393167623434048 0.0314676898044173 -0.00476183995873303
"2000-06-02" 0.0341109766019914 0.0267446694943452 0.00713428367393387
"2000-06-05" -0.0121834290629108 0.00844678884196881 -0.0227697392751671
"2000-06-06" -0.0228912405220125 0.0402984930312771 -0.00729919410231528
"2000-06-07" -0.00483555510439526 0.0124890115707750 0.00365724666625855
"2000-06-08" -0.0215590126044898 -0.0242272953353240 -0.00977987340155106
"2000-06-09" 0.00691044855446954 0 -0.0198534871272162
"2000-06-12" -0.0158662921250814 -0.0285602092667281 0
"2000-06-13" 0.0501941956091994 0.0148425730379289 0.0259761138625088
"2000-06-14" -0.0392588339214042 0.0379449315641232 -0.00366867697287088
"2000-06-15" 0.0142327678583314 0.0262482260749364 0.0170110767220035
"2000-06-16" -0.0172043116969176 0.00258732356495095 -0.0145631340908272
"2000-06-19" 0.0795477944751726 0.0153849188394792 -0.0172648143192915
"2000-06-20" 0.0131904489284844 0.0168212544901438 0.0148168716881152
"2000-06-21" 0.00495870577355539 0.0739292358191275 -0.0311169116028616
"2000-06-22" -0.0361685415742841 -0.0101207559091616 -0.0140048736367930
"2000-06-23" 0.00232901671873176 -0.0277685434267694 0.0228143483500167
"2000-06-26" -0.00139616130644882 0.0230626523893562 0.00125334879573158
"2000-06-27" -0.0211828144327955 -0.00868540793514772 -0.0138636752366321
"2000-06-28" 0.00758260721283666 0.00158478638557114 0.0259916365823467
"2000-06-29" -0.00473257769785551 -0.0224188732884132 -0.0158906858807857
"2000-06-30" 0.0145991302711366 0.0357891078515848 0.0632824914168819
"2000-07-03" 0.0235633541155131 0 -0.0190478997395482
"2000-07-05" -0.0391110842073097 -0.018928009885518 -0.0404698304554225
"2000-07-06" 0.0372826526955254 0.030578627105494 0.00499368194476446
"2000-07-07" 0.0194793565114306 0.0130419953703962 0.0221680178435331
"2000-07-10" -0.0108242922427566 -0.0317486983145807 0.0216891751412236
"2000-07-11" 0.00722967898857085 -0.00394166848533217 -0.00358300053192284
"2000-07-12" 0.0169651075649435 0.0148963946251985 0.0283032872633067
"2000-07-13" 0.0140654729432619 -0.00468019575047762 -0.0235300919339672
"2000-07-14" 0.0241490295125422 -0.0125886792283518 -0.0192310233750477
"2000-07-17" -0.00255943290226757 -0.00954661188357964 0.0415986150834313
"2000-07-18" -0.0228997747787147 0.00398883656123328 -0.0271407870377232
"2000-07-19" -0.0346858219273933 -0.0709283192363426 0.00952371545535469
"2000-07-20" 0.0324974329864354 0.0228146777661715 0.029191067763072
"2000-07-21" -0.0320446152770089 -0.0339879783642969 -0.00345909463104199
"2000-07-24" -0.00135761574196547 -0.0244981630440142 -0.00231210061019471
"2000-07-25" 0.0206188127596780 -0.0223923373126214 -0.00813376232588325
"2000-07-26" -0.0133989201918059 -0.0173599608624810 -0.0272049943655217
"2000-07-27" -0.0144937548908297 0.0227800283318196 0.00716836404355448
"2000-07-28" -0.0591991879599822 0.00449438958783954 -0.0302142421163687
"2000-07-31" 0.0333202552430052 0.00179211517498157 0.0146163355149049
"2000-08-01" -0.0323532985433497 -0.0162458446655789 0.0203484267274789
"2000-08-02" -0.0205177437518929 0.00995933990275777 -0.0143198034933896
"2000-08-03" 0.0275808468738852 0.0125337361472573 0.0166866274803850
"2000-08-04" -0.0391821415663527 -0.0161438483713567 0.00941167201071291
"2000-08-07" 0.00597672747046651 0.0125787822068606 -0.014150935133185
"2000-08-08" -0.0210750936927688 0.0572576152685302 0.0211520109434287
"2000-08-09" 0.0309565531798359 0.00168492036491941 0.0398915721620425
"2000-08-10" -0.0248891774989959 -0.0221285625107335 0.0188168419882295
"2000-08-11" 0.0288139540772638 -0.00258509407210461 -0.00770580742655369
"2000-08-14" 0.0478100763051037 -0.00345722038385787 0.00770580742655369
"2000-08-15" 0.0139083804125582 -0.00782272568120934 0.00437629668139206
"2000-08-16" 0.00275890718262151 -0.00876429799358824 -0.00767202879992457
"2000-08-17" 0.0289609047495283 0.00789131670724341 -0.00220260656045212
"2000-08-18" 0.00711140082217643 -0.00789131670724341 -0.00885926396736902
"2000-08-21" 0.0210357137264197 -0.00529568757471033 0.00665179521979997
"2000-08-22" 0.00086608918902975 0.00881062968215485 -0.00553918141263843
"2000-08-23" 0.0340747258482264 -0.00704228262541307 0.0295591533331496
"2000-08-24" -0.00503696650231245 0.00528635592314775 0.0171124043242905
"2000-08-25" -0.0178353395523434 -0.00705470297988953 0.00528726576799876
"2000-08-28" 0.0127715168532578 0.00968743815568907 0.0125785676351908
"2000-08-29" 0.00253511663365913 -0.00527241994657235 -0.00208547110237145
"2000-08-30" -0.00762334860435754 -0.0133039656263625 -0.0404734063095784
"2000-08-31" 0.0185342973673190 -0.00268216521994002 0.0193759395314821
"2000-09-01" -0.0125998603855209 0.00535715566924289 -0.00213443545869296
"2000-09-05" -0.0654967030558575 -0.000890868655801569 -0.0118206525881153
"2000-09-06" -0.0525774737930114 -0.00985229644301189 0.0203311949187128
"2000-09-07" 0.0260548045116265 0.00896063343252962 0
"2000-09-08" -0.0310615053398937 -0.0107624357217926 0.0147213599061917
"2000-09-11" -0.0105709702064400 -0.00723985062768673 -0.00313553213401185
"2000-09-12" 0.00385665014823555 -0.0100411614994913 -0.0105262236548143
"2000-09-13" -0.0584621596336987 0.00183318108166119 0
"2000-09-14" -0.0268878024807098 -0.0363676441708751 -0.00105960411736561
"2000-09-15" -0.0360190101841944 -0.0250013022054167 -0.0388811040810069
"2000-09-18" -0.0300585001437890 -0.0186737612972445 0.0131290576776202
"2000-09-19" 0.0785772867968006 0.0312525435041042 -0.00873352480948775
"2000-09-20" 0.0435513342108429 -0.0116055461203075 -0.00660056586371471
"2000-09-21" -0.0253432775695819 -0.000973236086552198 -0.0066444229754774
"2000-09-22" -0.248885310246272 -0.0147133600811475 0.0187114864279252
"2000-09-25" -0.0549374575329136 -0.0321312781827929 0.0130028004711704
"2000-09-26" -0.046518017200929 0.0231982162973177 -0.00107786299143164
"2000-09-27" 0.0129024258464892 -0.0334547164645072 0.0244827612363059
"2000-09-28" 0.0127380715716314 0.0112763880679347 -0.0073886250919033
"2000-09-29" -0.0668837238860207 -0.0164443582263774 -0.0180081624762050
"2000-10-02" -0.0351990637451256 -0.0198855322871072 0.0118228734501642
"2000-10-03" 0.00466248942952774 -0.0443076253519523 0.00956864156279913
"2000-10-04" 0.0410073466879148 -0.0200899613903465 -0.00317995931663528
"2000-10-05" -0.0240984246114313 -0.00112803170449904 0.0147540518850482
"2000-10-06" -0.0262557416149081 0.00338028490882358 -0.00524435051788608
"2000-10-09" -0.0221516884056401 -0.0250582587333623 -0.0158983836133260
"2000-10-10" -0.0391581112005932 0.00689657905906005 -0.00750745650012075
"2000-10-11" -0.0600006253397805 0.0215305767404073 -0.0250682889143103
"2000-10-12" 0.0482855941157618 -0.0249729209313800 -0.0382498615838092
"2000-10-13" 0.0839193402602718 -0.0115608224010759 0.0448493902611578
"2000-10-16" -0.123409837655837 -0.0648486467409248 0.0130733300110455
"2000-10-17" 0.0139137675080128 0.00123992576332022 -0.0374905852246963
"2000-10-18" 0.0537937246108866 0.0256894861153110 -0.00224993337811163
"2000-10-19" 0.0936718492452049 0.178691788743376 0.00224993337811163
"2000-10-20" 0.0264725121162397 0.052151511872137 -0.0649885896893916
"2000-10-23" 0.00579009506739592 -0.0481192483441983 -0.0466346909566902
"2000-10-24" -0.0307724540955832 -0.0101113096043202 0.0703328151913079
"2000-10-25" -0.0165053995910385 -0.00407332538763594 -0.00823128471123935
"2000-10-26" 0.0785297919973806 0.050731912352342 -0.0154668395233784
"2000-10-27" 0.0370661050191852 0.0492057629840303 0.00239543892530847
"2000-10-30" -0.0300974668527596 0.0201103669508633 0.0329434814056371
"2000-10-31" 0 -0.00271862423899361 0.0149337928990194
"2000-11-01" -0.00278118387314397 0.0108304307743694 -0.00686381466202324
"2000-11-02" 0.0395945666531849 0.00982589415129098 -0.0138743828770784
"2000-11-03" -0.0157666552082936 -0.0297721583336701 -0.00700814918866932
"2000-11-06" 0.0135143778021503 0.0181493185056771 0.0220300881396907
"2000-11-07" -0.00808582286950177 0.0142859572474769 0.00799438293224064
"2000-11-08" -0.0788037060465312 -0.0151856424183743 -0.00684814223391728
"2000-11-09" -0.0312286655175602 0.0204906946480676 0
"2000-11-10" -0.111759174634687 -0.050643732818755 -0.0126814955011527
"2000-11-13" 0.0315889372518026 -0.0140123731269943 -0.0462977037436674
"2000-11-14" 0.0695401388791907 0.035123758380732 0.0251948027077806
"2000-11-15" 0.0136473192460471 0.0180022863494793 -0.00474912798663985
"2000-11-16" -0.0368142446978892 -0.0161874038186571 0.00237641917490539
"2000-11-17" 0.0368142446978892 0.00181159469835102 -0.0143537512576706
"2000-11-20" -0.00907911119944771 -0.02752467339009 -0.0355641700782141
"2000-11-21" 0.0358250479867426 0.00833724143782799 0.0136386841841278
"2000-11-22" -0.0343061269074076 0.00735297430525872 -0.0440601338966835
"2000-11-24" 0.0646327691223303 0.0244245520070754 0.0165921216522156
"2000-11-27" 0 0.0106667678041950 -0.00507457902092101
"2000-11-28" -0.0443547599918985 -0.0535761344853736 0.0138971606931757
"2000-11-29" 0.0169569891816406 -0.029344273015778 -0.00251280499512863
"2000-11-30" -0.116139014996479 -0.125739677994479 -0.00251913509371482
"2000-12-01" -0.109199798121910 -0.013158084577511 0.0285918559161202
"2000-12-04" -0.0354198588510437 -0.00331675262599429 0.0121796092187272
"2000-12-05" 0.0889082685790985 0.0591252245538758 0.0472908341003078
"2000-12-06" -0.125625752967826 -0.0547053278557241 -0.00347054985039064
"2000-12-07" 0.0175619517977408 -0.0649061006307745 -0.00814320288565673
"2000-12-08" 0.0509048962458936 0.0244056273681408 0.0310540469007301
"2000-12-11" 0.0963128284064707 0.0644667619613357 0.00226266047180745
"2000-12-12" -0.0253604869878941 0.00536769941500381 -0.0462516906623951
"2000-12-13" -0.0277797960526538 -0.0194600735547121 0.00354434829439931
"2000-12-14" -0.0106189461788939 -0.0310446216819606 -0.0299233975868822
"2000-12-15" -0.0795997747278627 -0.120743494574767 -0.0321025738279239
"2000-12-18" 0.024741725122408 -0.0283524145908673 0.0235599158272768
"2000-12-19" 0.00562142724697523 -0.0647999932269157 -0.0173053898587701
"2000-12-20" -0.0458975964294548 -0.0767936911231866 -0.0551079426654253
"2000-12-21" 0.0365089018788827 0.0456296960883584 0.00918127197673213
"2000-12-22" -0.005677645932884 0.0667841991529672 0.0206724461286671
"2000-12-26" -0.00189668745542892 0.00937716181259685 0.00891242759175803
"2000-12-27" -0.00955315964772208 -0.00937716181259685 -0.0198299540094267
"2000-12-28" -0.0511903151461963 -0.0412146243034632 0.00517511078112731
"2000-12-29" -0.0286931920670912 -0.0270094599074917 -0.0103750328515315
